#          k/h    CDM            baryon         photon         nu             mass_nu        total          no_nu          total_de       Weyl           v_CDM          v_b            v_b-v_c     
   0.104976E-04   0.197876E+08   0.197876E+08   0.263697E+08   0.263694E+08   0.197898E+08   0.197876E+08   0.197876E+08   0.197943E+08  -0.473119E+00   0.104471E+08   0.104471E+08   0.517228E+01
   0.115913E-04   0.197876E+08   0.197876E+08   0.263666E+08   0.263663E+08   0.197898E+08   0.197876E+08   0.197876E+08   0.197943E+08  -0.473119E+00   0.104471E+08   0.104471E+08   0.571098E+01
   0.127990E-04   0.197876E+08   0.197876E+08   0.263629E+08   0.263625E+08   0.197898E+08   0.197876E+08   0.197876E+08   0.197943E+08  -0.473119E+00   0.104471E+08   0.104471E+08   0.630575E+01
   0.141325E-04   0.197876E+08   0.197876E+08   0.263584E+08   0.263579E+08   0.197897E+08   0.197876E+08   0.197876E+08   0.197943E+08  -0.473119E+00   0.104471E+08   0.104471E+08   0.696239E+01
   0.156050E-04   0.197876E+08   0.197876E+08   0.263529E+08   0.263522E+08   0.197897E+08   0.197876E+08   0.197876E+08   0.197942E+08  -0.473118E+00   0.104471E+08   0.104471E+08   0.768733E+01
   0.172309E-04   0.197876E+08   0.197876E+08   0.263462E+08   0.263454E+08   0.197897E+08   0.197876E+08   0.197876E+08   0.197942E+08  -0.473118E+00   0.104471E+08   0.104471E+08   0.848764E+01
   0.190261E-04   0.197876E+08   0.197876E+08   0.263380E+08   0.263370E+08   0.197897E+08   0.197876E+08   0.197876E+08   0.197942E+08  -0.473118E+00   0.104471E+08   0.104471E+08   0.937111E+01
   0.210085E-04   0.197875E+08   0.197875E+08   0.263281E+08   0.263269E+08   0.197896E+08   0.197875E+08   0.197875E+08   0.197942E+08  -0.473117E+00   0.104471E+08   0.104471E+08   0.103463E+02
   0.231973E-04   0.197875E+08   0.197875E+08   0.263159E+08   0.263145E+08   0.197896E+08   0.197875E+08   0.197875E+08   0.197942E+08  -0.473116E+00   0.104471E+08   0.104471E+08   0.114228E+02
   0.256142E-04   0.197875E+08   0.197875E+08   0.263011E+08   0.262993E+08   0.197895E+08   0.197875E+08   0.197875E+08   0.197941E+08  -0.473116E+00   0.104471E+08   0.104471E+08   0.126108E+02
   0.282830E-04   0.197875E+08   0.197875E+08   0.262831E+08   0.262809E+08   0.197894E+08   0.197875E+08   0.197875E+08   0.197941E+08  -0.473115E+00   0.104471E+08   0.104471E+08   0.139220E+02
   0.312297E-04   0.197874E+08   0.197874E+08   0.262611E+08   0.262585E+08   0.197893E+08   0.197874E+08   0.197874E+08   0.197940E+08  -0.473113E+00   0.104470E+08   0.104470E+08   0.153688E+02
   0.344835E-04   0.197874E+08   0.197874E+08   0.262343E+08   0.262311E+08   0.197892E+08   0.197874E+08   0.197874E+08   0.197940E+08  -0.473112E+00   0.104470E+08   0.104470E+08   0.169650E+02
   0.380763E-04   0.197873E+08   0.197873E+08   0.262017E+08   0.261978E+08   0.197890E+08   0.197873E+08   0.197873E+08   0.197939E+08  -0.473110E+00   0.104470E+08   0.104470E+08   0.187258E+02
   0.420435E-04   0.197872E+08   0.197872E+08   0.261620E+08   0.261573E+08   0.197888E+08   0.197872E+08   0.197872E+08   0.197938E+08  -0.473108E+00   0.104469E+08   0.104469E+08   0.206677E+02
   0.464240E-04   0.197871E+08   0.197871E+08   0.261137E+08   0.261079E+08   0.197886E+08   0.197872E+08   0.197871E+08   0.197937E+08  -0.473105E+00   0.104469E+08   0.104469E+08   0.228088E+02
   0.512608E-04   0.197870E+08   0.197870E+08   0.260549E+08   0.260479E+08   0.197883E+08   0.197870E+08   0.197870E+08   0.197936E+08  -0.473102E+00   0.104468E+08   0.104468E+08   0.251687E+02
   0.566016E-04   0.197869E+08   0.197869E+08   0.259834E+08   0.259748E+08   0.197880E+08   0.197869E+08   0.197869E+08   0.197935E+08  -0.473098E+00   0.104468E+08   0.104468E+08   0.277688E+02
   0.624989E-04   0.197867E+08   0.197867E+08   0.258964E+08   0.258860E+08   0.197876E+08   0.197867E+08   0.197867E+08   0.197933E+08  -0.473093E+00   0.104467E+08   0.104467E+08   0.306322E+02
   0.690106E-04   0.197865E+08   0.197865E+08   0.257907E+08   0.257781E+08   0.197871E+08   0.197865E+08   0.197865E+08   0.197931E+08  -0.473087E+00   0.104466E+08   0.104466E+08   0.337837E+02
   0.762008E-04   0.197863E+08   0.197863E+08   0.256624E+08   0.256470E+08   0.197865E+08   0.197863E+08   0.197863E+08   0.197928E+08  -0.473080E+00   0.104464E+08   0.104464E+08   0.372497E+02
   0.841401E-04   0.197860E+08   0.197860E+08   0.255068E+08   0.254881E+08   0.197858E+08   0.197860E+08   0.197860E+08   0.197924E+08  -0.473071E+00   0.104463E+08   0.104463E+08   0.410583E+02
   0.929066E-04   0.197857E+08   0.197856E+08   0.253182E+08   0.252956E+08   0.197849E+08   0.197857E+08   0.197857E+08   0.197920E+08  -0.473061E+00   0.104461E+08   0.104461E+08   0.452389E+02
   0.102586E-03   0.197852E+08   0.197852E+08   0.250900E+08   0.250626E+08   0.197838E+08   0.197852E+08   0.197852E+08   0.197916E+08  -0.473048E+00   0.104459E+08   0.104458E+08   0.498219E+02
   0.113275E-03   0.197847E+08   0.197847E+08   0.248143E+08   0.247812E+08   0.197825E+08   0.197847E+08   0.197847E+08   0.197909E+08  -0.473032E+00   0.104456E+08   0.104456E+08   0.548379E+02
   0.125077E-03   0.197841E+08   0.197840E+08   0.244820E+08   0.244421E+08   0.197809E+08   0.197840E+08   0.197841E+08   0.197902E+08  -0.473013E+00   0.104452E+08   0.104452E+08   0.603170E+02
   0.138108E-03   0.197833E+08   0.197832E+08   0.240824E+08   0.240343E+08   0.197789E+08   0.197833E+08   0.197833E+08   0.197893E+08  -0.472990E+00   0.104448E+08   0.104448E+08   0.662877E+02
   0.152498E-03   0.197823E+08   0.197822E+08   0.236033E+08   0.235456E+08   0.197765E+08   0.197823E+08   0.197823E+08   0.197883E+08  -0.472961E+00   0.104443E+08   0.104443E+08   0.727749E+02
   0.168386E-03   0.197812E+08   0.197811E+08   0.230311E+08   0.229622E+08   0.197736E+08   0.197811E+08   0.197812E+08   0.197869E+08  -0.472927E+00   0.104437E+08   0.104436E+08   0.797976E+02
   0.185931E-03   0.197798E+08   0.197796E+08   0.223509E+08   0.222687E+08   0.197700E+08   0.197797E+08   0.197798E+08   0.197854E+08  -0.472886E+00   0.104429E+08   0.104429E+08   0.873660E+02
   0.205302E-03   0.197781E+08   0.197779E+08   0.215467E+08   0.214493E+08   0.197657E+08   0.197780E+08   0.197781E+08   0.197834E+08  -0.472835E+00   0.104420E+08   0.104419E+08   0.954777E+02
   0.226693E-03   0.197760E+08   0.197758E+08   0.206025E+08   0.204879E+08   0.197604E+08   0.197759E+08   0.197760E+08   0.197811E+08  -0.472775E+00   0.104409E+08   0.104408E+08   0.104112E+03
   0.250312E-03   0.197735E+08   0.197733E+08   0.195034E+08   0.193695E+08   0.197540E+08   0.197734E+08   0.197735E+08   0.197783E+08  -0.472701E+00   0.104395E+08   0.104395E+08   0.113224E+03
   0.276391E-03   0.197705E+08   0.197702E+08   0.182374E+08   0.180824E+08   0.197463E+08   0.197703E+08   0.197704E+08   0.197749E+08  -0.472613E+00   0.104379E+08   0.104378E+08   0.122738E+03
   0.305188E-03   0.197668E+08   0.197664E+08   0.167980E+08   0.166208E+08   0.197368E+08   0.197666E+08   0.197667E+08   0.197708E+08  -0.472507E+00   0.104359E+08   0.104358E+08   0.132538E+03
   0.336986E-03   0.197624E+08   0.197619E+08   0.151876E+08   0.149879E+08   0.197254E+08   0.197621E+08   0.197623E+08   0.197660E+08  -0.472381E+00   0.104335E+08   0.104334E+08   0.142459E+03
   0.372096E-03   0.197570E+08   0.197565E+08   0.134220E+08   0.132011E+08   0.197115E+08   0.197567E+08   0.197569E+08   0.197601E+08  -0.472230E+00   0.104306E+08   0.104305E+08   0.152280E+03
   0.410864E-03   0.197506E+08   0.197500E+08   0.115346E+08   0.112958E+08   0.196948E+08   0.197502E+08   0.197505E+08   0.197531E+08  -0.472050E+00   0.104272E+08   0.104270E+08   0.161715E+03
   0.453672E-03   0.197429E+08   0.197421E+08   0.958057E+07   0.932971E+07   0.196745E+08   0.197424E+08   0.197427E+08   0.197448E+08  -0.471837E+00   0.104230E+08   0.104228E+08   0.170415E+03
   0.500940E-03   0.197336E+08   0.197328E+08   0.763851E+07   0.738445E+07   0.196500E+08   0.197331E+08   0.197335E+08   0.197350E+08  -0.471586E+00   0.104180E+08   0.104177E+08   0.177974E+03
   0.553132E-03   0.197226E+08   0.197216E+08   0.580758E+07   0.556209E+07   0.196206E+08   0.197220E+08   0.197224E+08   0.197234E+08  -0.471292E+00   0.104120E+08   0.104117E+08   0.183949E+03
   0.610763E-03   0.197095E+08   0.197083E+08   0.419690E+07   0.397389E+07   0.195852E+08   0.197087E+08   0.197093E+08   0.197098E+08  -0.470948E+00   0.104050E+08   0.104046E+08   0.187892E+03
   0.674397E-03   0.196939E+08   0.196926E+08   0.290536E+07   0.271893E+07   0.195427E+08   0.196930E+08   0.196937E+08   0.196938E+08  -0.470548E+00   0.103966E+08   0.103962E+08   0.189406E+03
   0.744662E-03   0.196756E+08   0.196742E+08   0.199252E+07   0.185397E+07   0.194920E+08   0.196745E+08   0.196754E+08   0.196750E+08  -0.470084E+00   0.103867E+08   0.103863E+08   0.188204E+03
   0.822248E-03   0.196541E+08   0.196524E+08   0.144861E+07   0.136278E+07   0.194316E+08   0.196528E+08   0.196538E+08   0.196532E+08  -0.469547E+00   0.103751E+08   0.103747E+08   0.184176E+03
   0.907917E-03   0.196288E+08   0.196271E+08   0.117987E+07   0.114220E+07   0.193597E+08   0.196273E+08   0.196286E+08   0.196276E+08  -0.468926E+00   0.103616E+08   0.103611E+08   0.177425E+03
   0.100251E-02   0.195994E+08   0.195975E+08   0.103099E+07   0.102740E+07   0.192747E+08   0.195976E+08   0.195991E+08   0.195979E+08  -0.468207E+00   0.103458E+08   0.103453E+08   0.168268E+03
   0.110696E-02   0.195652E+08   0.195631E+08   0.855058E+06   0.866191E+06   0.191744E+08   0.195631E+08   0.195649E+08   0.195633E+08  -0.467375E+00   0.103275E+08   0.103269E+08   0.157180E+03
   0.122230E-02   0.195255E+08   0.195234E+08   0.603274E+06   0.612271E+06   0.190567E+08   0.195231E+08   0.195252E+08   0.195232E+08  -0.466413E+00   0.103063E+08   0.103057E+08   0.144712E+03
   0.134965E-02   0.194796E+08   0.194774E+08   0.357311E+06   0.356396E+06   0.189195E+08   0.194768E+08   0.194793E+08   0.194768E+08  -0.465302E+00   0.102818E+08   0.102813E+08   0.131439E+03
   0.149027E-02   0.194267E+08   0.194245E+08   0.233380E+06   0.223959E+06   0.187610E+08   0.194234E+08   0.194264E+08   0.194234E+08  -0.464022E+00   0.102536E+08   0.102531E+08   0.117976E+03
   0.164553E-02   0.193659E+08   0.193636E+08   0.221743E+06  -0.172422E+06   0.185792E+08   0.193620E+08   0.193655E+08   0.193620E+08  -0.462551E+00   0.102212E+08   0.102207E+08   0.105012E+03
   0.181698E-02   0.192962E+08   0.192939E+08   0.186262E+06  -0.140901E+06   0.183724E+08   0.192916E+08   0.192958E+08   0.192917E+08  -0.460868E+00   0.101841E+08   0.101836E+08   0.932241E+02
   0.200629E-02   0.192165E+08   0.192142E+08   0.901955E+05  -0.115084E+06   0.181392E+08   0.192112E+08   0.192161E+08   0.192112E+08  -0.458946E+00   0.101417E+08   0.101412E+08   0.830511E+02
   0.221533E-02   0.191256E+08   0.191233E+08   0.524571E+05  -0.939423E+05   0.178789E+08   0.191197E+08   0.191253E+08   0.191197E+08  -0.456756E+00   0.100934E+08   0.100929E+08   0.745553E+02
   0.244614E-02   0.190226E+08   0.190201E+08   0.595970E+05  -0.766352E+05   0.175908E+08   0.190157E+08   0.190222E+08   0.190157E+08  -0.454272E+00   0.100386E+08   0.100381E+08   0.675033E+02
   0.270100E-02   0.189059E+08   0.189033E+08   0.241605E+05  -0.624709E+05   0.172751E+08   0.188982E+08   0.189055E+08   0.188982E+08  -0.451463E+00   0.997663E+07   0.997613E+07   0.614477E+02
   0.298241E-02   0.187745E+08   0.187717E+08   0.245783E+05  -0.508835E+05   0.169314E+08   0.187658E+08   0.187741E+08   0.187658E+08  -0.448299E+00   0.990684E+07   0.990634E+07   0.558517E+02
   0.329315E-02   0.186270E+08   0.186240E+08   0.104422E+05  -0.414082E+05   0.165595E+08   0.186172E+08   0.186266E+08   0.186172E+08  -0.444750E+00   0.982855E+07   0.982806E+07   0.504398E+02
   0.363626E-02   0.184622E+08   0.184589E+08   0.449196E+04  -0.336642E+05   0.161584E+08   0.184513E+08   0.184616E+08   0.184513E+08  -0.440785E+00   0.974108E+07   0.974058E+07   0.452956E+02
   0.401512E-02   0.182786E+08   0.182751E+08  -0.303389E+04  -0.273388E+05   0.157271E+08   0.182665E+08   0.182780E+08   0.182665E+08  -0.436371E+00   0.964371E+07   0.964322E+07   0.407127E+02
   0.443345E-02   0.180750E+08   0.180711E+08   0.224122E+03  -0.221756E+05   0.152642E+08   0.180617E+08   0.180744E+08   0.180617E+08  -0.431477E+00   0.953576E+07   0.953527E+07   0.367979E+02
   0.489537E-02   0.178500E+08   0.178457E+08  -0.205385E+04  -0.179641E+05   0.147704E+08   0.178355E+08   0.178494E+08   0.178355E+08  -0.426073E+00   0.941653E+07   0.941604E+07   0.333127E+02
   0.540541E-02   0.176024E+08   0.175976E+08  -0.267743E+04  -0.145317E+05   0.142455E+08   0.175865E+08   0.176017E+08   0.175865E+08  -0.420126E+00   0.928533E+07   0.928484E+07   0.300353E+02
   0.596860E-02   0.173308E+08   0.173254E+08  -0.189773E+04  -0.117367E+05   0.136891E+08   0.173135E+08   0.173299E+08   0.173135E+08  -0.413604E+00   0.914144E+07   0.914095E+07   0.270792E+02
   0.659046E-02   0.170342E+08   0.170281E+08  -0.238605E+04  -0.946341E+04   0.130699E+08   0.170154E+08   0.170332E+08   0.170154E+08  -0.406481E+00   0.898430E+07   0.898382E+07   0.245190E+02
   0.727711E-02   0.167104E+08   0.167034E+08  -0.207736E+04  -0.761580E+04   0.124367E+08   0.166900E+08   0.167093E+08   0.166900E+08  -0.398709E+00   0.881281E+07   0.881232E+07   0.221840E+02
   0.803531E-02   0.163582E+08   0.163501E+08  -0.203256E+04  -0.611608E+04   0.117767E+08   0.163363E+08   0.163569E+08   0.163363E+08  -0.390257E+00   0.862631E+07   0.862583E+07   0.200954E+02
   0.887250E-02   0.159767E+08   0.159674E+08  -0.238872E+04  -0.490050E+04   0.110992E+08   0.159532E+08   0.159752E+08   0.159532E+08  -0.381107E+00   0.842437E+07   0.842388E+07   0.182526E+02
   0.979692E-02   0.155645E+08   0.155538E+08  -0.122260E+04  -0.391665E+04   0.104051E+08   0.155396E+08   0.155628E+08   0.155396E+08  -0.371225E+00   0.820628E+07   0.820579E+07   0.165942E+02
   0.108177E-01   0.151204E+08   0.151079E+08  -0.160695E+04  -0.312158E+04   0.969372E+07   0.150940E+08   0.151184E+08   0.150940E+08  -0.360580E+00   0.797129E+07   0.797080E+07   0.151451E+02
   0.119447E-01   0.146429E+08   0.146285E+08  -0.134968E+04  -0.248016E+04   0.897086E+07   0.146151E+08   0.146407E+08   0.146151E+08  -0.349140E+00   0.771876E+07   0.771826E+07   0.138427E+02
   0.131892E-01   0.141312E+08   0.141144E+08  -0.969134E+03  -0.196370E+04   0.824424E+07   0.141020E+08   0.141285E+08   0.141020E+08  -0.336883E+00   0.744814E+07   0.744764E+07   0.126998E+02
   0.145634E-01   0.135842E+08   0.135647E+08  -0.960148E+03  -0.154875E+04   0.752048E+07   0.135538E+08   0.135811E+08   0.135538E+08  -0.323786E+00   0.715894E+07   0.715843E+07   0.116828E+02
   0.160808E-01   0.130013E+08   0.129789E+08  -0.875804E+03  -0.121617E+04   0.680207E+07   0.129699E+08   0.129978E+08   0.129699E+08  -0.309838E+00   0.685090E+07   0.685039E+07   0.107783E+02
   0.177562E-01   0.123828E+08   0.123571E+08  -0.533690E+03  -0.950348E+03   0.609844E+07   0.123505E+08   0.123788E+08   0.123505E+08  -0.295040E+00   0.652407E+07   0.652354E+07   0.996209E+01
   0.196062E-01   0.117296E+08   0.117003E+08  -0.508509E+03  -0.738599E+03   0.541516E+07   0.116966E+08   0.117250E+08   0.116966E+08  -0.279420E+00   0.617902E+07   0.617847E+07   0.921738E+01
   0.216490E-01   0.110443E+08   0.110112E+08  -0.356363E+03  -0.570589E+03   0.475931E+07   0.110108E+08   0.110391E+08   0.110108E+08  -0.263037E+00   0.581707E+07   0.581651E+07   0.852312E+01
   0.239046E-01   0.103313E+08   0.102945E+08  -0.296526E+03  -0.437925E+03   0.413768E+07   0.102976E+08   0.103255E+08   0.102976E+08  -0.246000E+00   0.544062E+07   0.544005E+07   0.785487E+01
   0.263952E-01   0.959787E+07   0.955755E+07  -0.234033E+03  -0.333791E+03   0.355718E+07   0.956434E+07   0.959154E+07   0.956434E+07  -0.228482E+00   0.505348E+07   0.505291E+07   0.719379E+01
   0.291452E-01   0.885443E+07   0.881114E+07  -0.148368E+03  -0.252646E+03   0.302348E+07   0.882138E+07   0.884763E+07   0.882138E+07  -0.210734E+00   0.466119E+07   0.466062E+07   0.651892E+01
   0.321819E-01   0.811512E+07   0.806979E+07  -0.159835E+03  -0.189975E+03   0.254183E+07   0.808291E+07   0.810800E+07   0.808291E+07  -0.193092E+00   0.427123E+07   0.427067E+07   0.581454E+01
   0.355349E-01   0.739739E+07   0.735141E+07  -0.950258E+02  -0.142079E+03   0.211606E+07   0.736640E+07   0.739017E+07   0.736640E+07  -0.175976E+00   0.389282E+07   0.389228E+07   0.507209E+01
   0.392372E-01   0.672077E+07   0.667593E+07  -0.698428E+02  -0.105908E+03   0.174811E+07   0.669135E+07   0.671373E+07   0.669135E+07  -0.159849E+00   0.353628E+07   0.353577E+07   0.429402E+01
   0.433253E-01   0.610408E+07   0.606242E+07  -0.774831E+02  -0.789214E+02   0.143743E+07   0.607653E+07   0.609754E+07   0.607653E+07  -0.145162E+00   0.321152E+07   0.321107E+07   0.349757E+01
   0.476578E-01   0.557874E+07   0.554204E+07  -0.584736E+02  -0.596334E+02   0.118912E+07   0.555321E+07   0.557297E+07   0.555321E+07  -0.132660E+00   0.293508E+07   0.293468E+07   0.274615E+01
   0.519904E-01   0.516488E+07   0.513396E+07  -0.455068E+02  -0.464090E+02   0.100178E+07   0.514128E+07   0.516003E+07   0.514128E+07  -0.122820E+00   0.271746E+07   0.271713E+07   0.211074E+01
   0.563229E-01   0.482837E+07   0.480321E+07  -0.362623E+02  -0.369811E+02   0.856228E+06   0.480653E+07   0.482442E+07   0.480653E+07  -0.114823E+00   0.254061E+07   0.254034E+07   0.160275E+01
   0.606554E-01   0.454309E+07   0.452297E+07  -0.294298E+02  -0.300130E+02   0.739720E+06   0.452280E+07   0.453993E+07   0.452280E+07  -0.108045E+00   0.239071E+07   0.239049E+07   0.122324E+01
   0.649880E-01   0.428947E+07   0.427320E+07  -0.242127E+02  -0.246924E+02   0.643742E+06   0.427049E+07   0.428691E+07   0.427049E+07  -0.102018E+00   0.225740E+07   0.225721E+07   0.962542E+00
   0.693205E-01   0.405129E+07   0.403745E+07  -0.201040E+02  -0.205022E+02   0.562352E+06   0.403340E+07   0.404912E+07   0.403340E+07  -0.963538E-01   0.213213E+07   0.213196E+07   0.802076E+00
   0.736530E-01   0.381656E+07   0.380376E+07  -0.167796E+02  -0.171120E+02   0.491555E+06   0.379957E+07   0.381455E+07   0.379957E+07  -0.907678E-01   0.200856E+07   0.200841E+07   0.717701E+00
   0.779856E-01   0.358156E+07   0.356866E+07  -0.140472E+02  -0.143254E+02   0.429267E+06   0.356533E+07   0.357953E+07   0.356533E+07  -0.851721E-01   0.188478E+07   0.188462E+07   0.683827E+00
   0.823181E-01   0.334931E+07   0.333556E+07  -0.117908E+02  -0.120243E+02   0.374572E+06   0.333375E+07   0.334715E+07   0.333375E+07  -0.796397E-01   0.176239E+07   0.176222E+07   0.676580E+00
   0.866506E-01   0.312617E+07   0.311128E+07  -0.993273E+01  -0.101293E+02   0.327047E+06   0.311123E+07   0.312383E+07   0.311123E+07  -0.743240E-01   0.164478E+07   0.164461E+07   0.676204E+00
   0.909831E-01   0.291837E+07   0.290243E+07  -0.841063E+01  -0.857708E+01   0.286267E+06   0.290402E+07   0.291587E+07   0.290402E+07  -0.693739E-01   0.153526E+07   0.153508E+07   0.668530E+00
   0.963719E-01   0.268852E+07   0.267190E+07  -0.690617E+01  -0.704282E+01   0.244164E+06   0.267490E+07   0.268591E+07   0.267490E+07  -0.639006E-01   0.141416E+07   0.141398E+07   0.637243E+00
   0.101761E+00   0.249615E+07   0.247982E+07  -0.575128E+01  -0.586507E+01   0.210547E+06   0.248329E+07   0.249358E+07   0.248329E+07  -0.593232E-01   0.131288E+07   0.131271E+07   0.579451E+00
   0.107149E+00   0.234276E+07   0.232767E+07  -0.486915E+01  -0.496547E+01   0.184072E+06   0.233067E+07   0.234039E+07   0.233067E+07  -0.556773E-01   0.123221E+07   0.123205E+07   0.502100E+00
   0.112538E+00   0.222304E+07   0.220986E+07  -0.418911E+01  -0.427197E+01   0.163139E+06   0.221169E+07   0.222097E+07   0.221169E+07  -0.528350E-01   0.116932E+07   0.116918E+07   0.417380E+00
   0.117927E+00   0.212630E+07   0.211527E+07  -0.364965E+01  -0.372183E+01   0.146103E+06   0.211565E+07   0.212456E+07   0.211565E+07  -0.505406E-01   0.111855E+07   0.111843E+07   0.338003E+00
   0.123316E+00   0.204070E+07   0.203160E+07  -0.320384E+01  -0.326720E+01   0.131589E+06   0.203067E+07   0.203927E+07   0.203067E+07  -0.485105E-01   0.107363E+07   0.107353E+07   0.273692E+00
   0.128704E+00   0.195679E+07   0.194910E+07  -0.282064E+01  -0.287642E+01   0.118657E+06   0.194730E+07   0.195558E+07   0.194730E+07  -0.465190E-01   0.102956E+07   0.102947E+07   0.229312E+00
   0.134093E+00   0.186917E+07   0.186220E+07  -0.248237E+01  -0.253146E+01   0.106791E+06   0.186014E+07   0.186808E+07   0.186014E+07  -0.444368E-01   0.983487E+06   0.983404E+06   0.204628E+00
   0.139482E+00   0.177665E+07   0.176977E+07  -0.218080E+01  -0.222393E+01   0.958076E+05   0.176800E+07   0.177557E+07   0.176800E+07  -0.422357E-01   0.934778E+06   0.934697E+06   0.195389E+00
   0.144870E+00   0.168124E+07   0.167400E+07  -0.191301E+01  -0.195084E+01   0.857174E+05   0.167291E+07   0.168010E+07   0.167291E+07  -0.399641E-01   0.884511E+06   0.884426E+06   0.195159E+00
   0.150259E+00   0.158672E+07   0.157896E+07  -0.167825E+01  -0.171143E+01   0.766081E+05   0.157870E+07   0.158550E+07   0.157870E+07  -0.377136E-01   0.834707E+06   0.834618E+06   0.197295E+00
   0.155648E+00   0.149777E+07   0.148956E+07  -0.147633E+01  -0.150551E+01   0.685828E+05   0.149004E+07   0.149648E+07   0.149004E+07  -0.355956E-01   0.787836E+06   0.787744E+06   0.196575E+00
   0.161037E+00   0.141882E+07   0.141046E+07  -0.130647E+01  -0.133229E+01   0.617063E+05   0.141140E+07   0.141751E+07   0.141140E+07  -0.337168E-01   0.746259E+06   0.746167E+06   0.190114E+00
   0.166425E+00   0.135247E+07   0.134430E+07  -0.116605E+01  -0.118910E+01   0.559459E+05   0.134535E+07   0.135119E+07   0.134535E+07  -0.321390E-01   0.711341E+06   0.711253E+06   0.177479E+00
   0.171814E+00   0.129829E+07   0.129065E+07  -0.105029E+01  -0.107105E+01   0.511481E+05   0.129148E+07   0.129709E+07   0.129148E+07  -0.308520E-01   0.682858E+06   0.682776E+06   0.160188E+00
   0.177203E+00   0.125354E+07   0.124664E+07  -0.953423E+00  -0.972268E+00   0.470928E+05   0.124702E+07   0.125245E+07   0.124702E+07  -0.297900E-01   0.659355E+06   0.659280E+06   0.140875E+00
   0.182592E+00   0.121476E+07   0.120865E+07  -0.870280E+00  -0.887481E+00   0.435689E+05   0.120852E+07   0.121380E+07   0.120852E+07  -0.288704E-01   0.639002E+06   0.638935E+06   0.122382E+00
   0.187980E+00   0.117863E+07   0.117324E+07  -0.796751E+00  -0.812500E+00   0.404025E+05   0.117266E+07   0.117778E+07   0.117266E+07  -0.280136E-01   0.620039E+06   0.619979E+06   0.106981E+00
   0.193369E+00   0.114225E+07   0.113737E+07  -0.729772E+00  -0.744196E+00   0.374611E+05   0.113651E+07   0.114148E+07   0.113651E+07  -0.271500E-01   0.600927E+06   0.600871E+06   0.958964E-01
   0.198758E+00   0.110371E+07   0.109910E+07  -0.667459E+00  -0.680651E+00   0.346641E+05   0.109817E+07   0.110299E+07   0.109817E+07  -0.262342E-01   0.580658E+06   0.580605E+06   0.891961E-01
   0.204146E+00   0.106273E+07   0.105817E+07  -0.609204E+00  -0.621244E+00   0.319928E+05   0.105738E+07   0.106202E+07   0.105738E+07  -0.252596E-01   0.559089E+06   0.559036E+06   0.860106E-01
   0.209535E+00   0.102047E+07   0.101582E+07  -0.555271E+00  -0.566245E+00   0.294725E+05   0.101528E+07   0.101974E+07   0.101528E+07  -0.242540E-01   0.536833E+06   0.536780E+06   0.849252E-01
   0.214924E+00   0.978711E+06   0.973899E+06  -0.506165E+00  -0.516168E+00   0.271410E+05   0.973669E+06   0.977955E+06   0.973669E+06  -0.232599E-01   0.514833E+06   0.514779E+06   0.844212E-01
   0.220313E+00   0.939195E+06   0.934264E+06  -0.462247E+00  -0.471382E+00   0.250292E+05   0.934304E+06   0.938421E+06   0.934304E+06  -0.223195E-01   0.494020E+06   0.493965E+06   0.832545E-01
   0.225701E+00   0.903326E+06   0.898375E+06  -0.423612E+00  -0.431983E+00   0.231530E+05   0.898585E+06   0.902549E+06   0.898585E+06  -0.214662E-01   0.475135E+06   0.475081E+06   0.806948E-01
   0.231090E+00   0.871856E+06   0.867011E+06  -0.390012E+00  -0.397719E+00   0.215090E+05   0.867266E+06   0.871095E+06   0.867266E+06  -0.207181E-01   0.458576E+06   0.458523E+06   0.765909E-01
   0.236479E+00   0.844714E+06   0.840090E+06  -0.360855E+00  -0.367986E+00   0.200738E+05   0.840274E+06   0.843987E+06   0.840274E+06  -0.200733E-01   0.444305E+06   0.444254E+06   0.712813E-01
   0.241868E+00   0.821130E+06   0.816805E+06  -0.335339E+00  -0.341965E+00   0.188099E+05   0.816838E+06   0.820451E+06   0.816838E+06  -0.195134E-01   0.431913E+06   0.431866E+06   0.654049E-01
   0.247256E+00   0.799946E+06   0.795940E+06  -0.312618E+00  -0.318795E+00   0.176762E+05   0.795793E+06   0.799316E+06   0.795793E+06  -0.190107E-01   0.420786E+06   0.420742E+06   0.596780E-01
   0.252645E+00   0.779870E+06   0.776156E+06  -0.291924E+00  -0.297692E+00   0.166336E+05   0.775849E+06   0.779287E+06   0.775849E+06  -0.185342E-01   0.410241E+06   0.410200E+06   0.546962E-01
   0.258034E+00   0.759773E+06   0.756282E+06  -0.272656E+00  -0.278044E+00   0.156513E+05   0.755873E+06   0.759225E+06   0.755873E+06  -0.180570E-01   0.399679E+06   0.399640E+06   0.508081E-01
   0.263422E+00   0.739006E+06   0.735654E+06  -0.254470E+00  -0.259498E+00   0.147120E+05   0.735217E+06   0.738480E+06   0.735217E+06  -0.175636E-01   0.388758E+06   0.388720E+06   0.480772E-01
   0.268811E+00   0.717536E+06   0.714245E+06  -0.237272E+00  -0.241960E+00   0.138124E+05   0.713850E+06   0.717019E+06   0.713850E+06  -0.170531E-01   0.377460E+06   0.377422E+06   0.463202E-01
   0.274200E+00   0.695765E+06   0.692479E+06  -0.221117E+00  -0.225486E+00   0.129578E+05   0.692173E+06   0.695249E+06   0.692173E+06  -0.165353E-01   0.365999E+06   0.365962E+06   0.451943E-01
   0.279589E+00   0.674250E+06   0.670945E+06  -0.206097E+00  -0.210170E+00   0.121552E+05   0.670749E+06   0.673731E+06   0.670749E+06  -0.160235E-01   0.354671E+06   0.354634E+06   0.443065E-01
   0.284977E+00   0.653568E+06   0.650252E+06  -0.192290E+00  -0.196089E+00   0.114113E+05   0.650155E+06   0.653047E+06   0.650155E+06  -0.155315E-01   0.343782E+06   0.343745E+06   0.433166E-01
   0.290366E+00   0.634247E+06   0.630950E+06  -0.179742E+00  -0.183293E+00   0.107308E+05   0.630921E+06   0.633729E+06   0.630921E+06  -0.150720E-01   0.333612E+06   0.333576E+06   0.420082E-01
   0.295755E+00   0.616638E+06   0.613402E+06  -0.168442E+00  -0.171770E+00   0.101146E+05   0.613399E+06   0.616130E+06   0.613399E+06  -0.146534E-01   0.324347E+06   0.324312E+06   0.403145E-01
   0.301144E+00   0.600773E+06   0.597638E+06  -0.158290E+00  -0.161417E+00   0.955841E+04   0.597618E+06   0.600281E+06   0.597618E+06  -0.142765E-01   0.316004E+06   0.315969E+06   0.383011E-01
   0.306532E+00   0.586369E+06   0.583364E+06  -0.149114E+00  -0.152060E+00   0.905332E+04   0.583297E+06   0.585897E+06   0.583297E+06  -0.139344E-01   0.308431E+06   0.308398E+06   0.361220E-01
   0.311921E+00   0.572990E+06   0.570125E+06  -0.140724E+00  -0.143504E+00   0.858899E+04   0.569998E+06   0.572540E+06   0.569998E+06  -0.136166E-01   0.301399E+06   0.301367E+06   0.339645E-01
   0.317310E+00   0.560202E+06   0.557470E+06  -0.132953E+00  -0.135580E+00   0.815619E+04   0.557287E+06   0.559773E+06   0.557287E+06  -0.133130E-01   0.294678E+06   0.294648E+06   0.319965E-01
   0.322699E+00   0.547653E+06   0.545030E+06  -0.125673E+00  -0.128156E+00   0.774772E+04   0.544809E+06   0.547241E+06   0.544809E+06  -0.130149E-01   0.288081E+06   0.288051E+06   0.303284E-01
   0.328087E+00   0.535092E+06   0.532551E+06  -0.118792E+00  -0.121139E+00   0.735866E+04   0.532316E+06   0.534693E+06   0.532316E+06  -0.127165E-01   0.281475E+06   0.281446E+06   0.289950E-01
   0.333476E+00   0.522420E+06   0.519932E+06  -0.112261E+00  -0.114479E+00   0.698647E+04   0.519708E+06   0.522029E+06   0.519708E+06  -0.124153E-01   0.274808E+06   0.274780E+06   0.279606E-01
   0.338865E+00   0.509706E+06   0.507249E+06  -0.106073E+00  -0.108169E+00   0.663119E+04   0.507054E+06   0.509320E+06   0.507054E+06  -0.121130E-01   0.268117E+06   0.268090E+06   0.271407E-01
   0.344253E+00   0.497153E+06   0.494717E+06  -0.100247E+00  -0.102227E+00   0.629444E+04   0.494560E+06   0.496771E+06   0.494560E+06  -0.118145E-01   0.261511E+06   0.261484E+06   0.264306E-01
   0.349642E+00   0.485004E+06   0.482587E+06  -0.948054E-01  -0.966784E-01   0.597812E+04   0.482467E+06   0.484624E+06   0.482467E+06  -0.115256E-01   0.255117E+06   0.255090E+06   0.257332E-01
   0.355031E+00   0.473443E+06   0.471053E+06  -0.897573E-01  -0.915304E-01   0.568322E+04   0.470961E+06   0.473067E+06   0.470961E+06  -0.112508E-01   0.249033E+06   0.249006E+06   0.249792E-01
   0.360420E+00   0.462562E+06   0.460213E+06  -0.850920E-01  -0.867730E-01   0.540950E+04   0.460134E+06   0.462193E+06   0.460134E+06  -0.109921E-01   0.243309E+06   0.243282E+06   0.241376E-01
   0.365808E+00   0.452377E+06   0.450081E+06  -0.807851E-01  -0.823810E-01   0.515579E+04   0.450002E+06   0.452016E+06   0.450002E+06  -0.107501E-01   0.237951E+06   0.237926E+06   0.232154E-01
   0.371197E+00   0.442835E+06   0.440603E+06  -0.768025E-01  -0.783197E-01   0.492027E+04   0.440512E+06   0.442484E+06   0.440512E+06  -0.105234E-01   0.232933E+06   0.232908E+06   0.222483E-01
   0.376586E+00   0.433824E+06   0.431661E+06  -0.731027E-01  -0.745468E-01   0.470058E+04   0.431551E+06   0.433484E+06   0.431551E+06  -0.103093E-01   0.228195E+06   0.228171E+06   0.212857E-01
   0.381975E+00   0.425187E+06   0.423091E+06  -0.696409E-01  -0.710167E-01   0.449413E+04   0.422963E+06   0.424858E+06   0.422963E+06  -0.101041E-01   0.223654E+06   0.223630E+06   0.203757E-01
   0.387363E+00   0.416770E+06   0.414735E+06  -0.663771E-01  -0.676884E-01   0.429852E+04   0.414593E+06   0.416451E+06   0.414593E+06  -0.990419E-02   0.219228E+06   0.219205E+06   0.195531E-01
   0.392752E+00   0.408466E+06   0.406482E+06  -0.632822E-01  -0.645323E-01   0.411210E+04   0.406334E+06   0.408155E+06   0.406334E+06  -0.970688E-02   0.214861E+06   0.214838E+06   0.188334E-01
   0.398141E+00   0.400236E+06   0.398292E+06  -0.603402E-01  -0.615322E-01   0.393396E+04   0.398145E+06   0.399930E+06   0.398145E+06  -0.951127E-02   0.210531E+06   0.210509E+06   0.182128E-01
   0.403529E+00   0.392094E+06   0.390182E+06  -0.575447E-01  -0.586815E-01   0.376386E+04   0.390045E+06   0.391794E+06   0.390045E+06  -0.931776E-02   0.206248E+06   0.206226E+06   0.176718E-01
   0.408918E+00   0.384091E+06   0.382206E+06  -0.548943E-01  -0.559787E-01   0.360185E+04   0.382082E+06   0.383795E+06   0.382082E+06  -0.912753E-02   0.202037E+06   0.202016E+06   0.171824E-01
   0.414307E+00   0.376287E+06   0.374426E+06  -0.523890E-01  -0.534239E-01   0.344804E+04   0.374316E+06   0.375995E+06   0.374316E+06  -0.894201E-02   0.197931E+06   0.197910E+06   0.167159E-01
   0.419696E+00   0.368740E+06   0.366905E+06  -0.500284E-01  -0.510167E-01   0.330257E+04   0.366806E+06   0.368452E+06   0.366806E+06  -0.876261E-02   0.193960E+06   0.193939E+06   0.162494E-01
   0.425084E+00   0.361499E+06   0.359693E+06  -0.478105E-01  -0.487549E-01   0.316539E+04   0.359602E+06   0.361215E+06   0.359602E+06  -0.859050E-02   0.190150E+06   0.190130E+06   0.157703E-01
   0.430473E+00   0.354588E+06   0.352815E+06  -0.457298E-01  -0.466332E-01   0.303629E+04   0.352726E+06   0.354310E+06   0.352726E+06  -0.842626E-02   0.186515E+06   0.186495E+06   0.152765E-01
   0.435862E+00   0.347993E+06   0.346257E+06  -0.437766E-01  -0.446414E-01   0.291472E+04   0.346166E+06   0.347720E+06   0.346166E+06  -0.826954E-02   0.183046E+06   0.183027E+06   0.147747E-01
   0.441251E+00   0.341667E+06   0.339969E+06  -0.419377E-01  -0.427662E-01   0.279988E+04   0.339874E+06   0.341400E+06   0.339874E+06  -0.811924E-02   0.179719E+06   0.179700E+06   0.142769E-01
   0.446639E+00   0.335557E+06   0.333897E+06  -0.402001E-01  -0.409942E-01   0.269102E+04   0.333797E+06   0.335296E+06   0.333797E+06  -0.797405E-02   0.176506E+06   0.176487E+06   0.137964E-01
   0.452028E+00   0.329618E+06   0.327995E+06  -0.385530E-01  -0.393146E-01   0.258746E+04   0.327890E+06   0.329363E+06   0.327890E+06  -0.783295E-02   0.173382E+06   0.173364E+06   0.133442E-01
   0.457417E+00   0.323817E+06   0.322227E+06  -0.369876E-01  -0.377182E-01   0.248869E+04   0.322120E+06   0.323567E+06   0.322120E+06  -0.769511E-02   0.170331E+06   0.170314E+06   0.129269E-01
   0.462805E+00   0.318123E+06   0.316563E+06  -0.354961E-01  -0.361973E-01   0.239426E+04   0.316456E+06   0.317878E+06   0.316456E+06  -0.755981E-02   0.167337E+06   0.167319E+06   0.125451E-01
   0.468194E+00   0.312521E+06   0.310987E+06  -0.340730E-01  -0.347461E-01   0.230383E+04   0.310883E+06   0.312280E+06   0.310883E+06  -0.742667E-02   0.164390E+06   0.164372E+06   0.121946E-01
   0.473583E+00   0.307019E+06   0.305508E+06  -0.327158E-01  -0.333620E-01   0.221730E+04   0.305409E+06   0.306782E+06   0.305409E+06  -0.729590E-02   0.161495E+06   0.161478E+06   0.118683E-01
   0.478972E+00   0.301643E+06   0.300154E+06  -0.314237E-01  -0.320445E-01   0.213466E+04   0.300060E+06   0.301409E+06   0.300060E+06  -0.716812E-02   0.158667E+06   0.158650E+06   0.115581E-01
   0.484360E+00   0.296415E+06   0.294948E+06  -0.301959E-01  -0.307924E-01   0.205589E+04   0.294859E+06   0.296185E+06   0.294859E+06  -0.704387E-02   0.155917E+06   0.155900E+06   0.112566E-01
   0.489749E+00   0.291347E+06   0.289902E+06  -0.290301E-01  -0.296035E-01   0.198089E+04   0.289817E+06   0.291120E+06   0.289817E+06  -0.692341E-02   0.153250E+06   0.153234E+06   0.109586E-01
   0.495138E+00   0.286440E+06   0.285018E+06  -0.279233E-01  -0.284749E-01   0.190950E+04   0.284935E+06   0.286216E+06   0.284935E+06  -0.680679E-02   0.150669E+06   0.150653E+06   0.106620E-01
   0.500527E+00   0.281693E+06   0.280295E+06  -0.268726E-01  -0.274034E-01   0.184154E+04   0.280213E+06   0.281474E+06   0.280213E+06  -0.669400E-02   0.148172E+06   0.148157E+06   0.103674E-01
   0.505915E+00   0.277101E+06   0.275728E+06  -0.258745E-01  -0.263856E-01   0.177682E+04   0.275646E+06   0.276886E+06   0.275646E+06  -0.658489E-02   0.145757E+06   0.145742E+06   0.100773E-01
   0.511304E+00   0.272650E+06   0.271302E+06  -0.249252E-01  -0.254175E-01   0.171510E+04   0.271218E+06   0.272438E+06   0.271218E+06  -0.647911E-02   0.143416E+06   0.143401E+06   0.979516E-02
   0.516693E+00   0.268317E+06   0.266993E+06  -0.240202E-01  -0.244947E-01   0.165611E+04   0.266908E+06   0.268109E+06   0.266908E+06  -0.637616E-02   0.141137E+06   0.141122E+06   0.952417E-02
   0.522081E+00   0.264084E+06   0.262782E+06  -0.231558E-01  -0.236132E-01   0.159962E+04   0.262697E+06   0.263879E+06   0.262697E+06  -0.627556E-02   0.138910E+06   0.138896E+06   0.926646E-02
   0.527470E+00   0.259938E+06   0.258657E+06  -0.223290E-01  -0.227700E-01   0.154545E+04   0.258573E+06   0.259737E+06   0.258573E+06  -0.617703E-02   0.136729E+06   0.136715E+06   0.902285E-02
   0.532859E+00   0.255876E+06   0.254616E+06  -0.215378E-01  -0.219633E-01   0.149347E+04   0.254533E+06   0.255678E+06   0.254533E+06  -0.608052E-02   0.134593E+06   0.134579E+06   0.879278E-02
   0.538248E+00   0.251900E+06   0.250658E+06  -0.207807E-01  -0.211912E-01   0.144361E+04   0.250577E+06   0.251705E+06   0.250577E+06  -0.598601E-02   0.132501E+06   0.132487E+06   0.857452E-02
   0.543636E+00   0.248007E+06   0.246784E+06  -0.200560E-01  -0.204522E-01   0.139576E+04   0.246705E+06   0.247815E+06   0.246705E+06  -0.589351E-02   0.130454E+06   0.130440E+06   0.836570E-02
   0.549025E+00   0.244202E+06   0.242995E+06  -0.193625E-01  -0.197450E-01   0.134986E+04   0.242918E+06   0.244012E+06   0.242918E+06  -0.580307E-02   0.128452E+06   0.128438E+06   0.816396E-02
   0.554414E+00   0.240488E+06   0.239299E+06  -0.186992E-01  -0.190686E-01   0.130587E+04   0.239224E+06   0.240301E+06   0.239224E+06  -0.571481E-02   0.126498E+06   0.126485E+06   0.796745E-02
   0.559803E+00   0.236872E+06   0.235701E+06  -0.180653E-01  -0.184221E-01   0.126372E+04   0.235627E+06   0.236688E+06   0.235627E+06  -0.562889E-02   0.124596E+06   0.124583E+06   0.777507E-02
   0.565191E+00   0.233355E+06   0.232200E+06  -0.174592E-01  -0.178041E-01   0.122335E+04   0.232128E+06   0.233173E+06   0.232128E+06  -0.554529E-02   0.122746E+06   0.122733E+06   0.758647E-02
   0.570580E+00   0.229928E+06   0.228791E+06  -0.168795E-01  -0.172129E-01   0.118465E+04   0.228719E+06   0.229749E+06   0.228719E+06  -0.546386E-02   0.120943E+06   0.120931E+06   0.740188E-02
   0.575969E+00   0.226586E+06   0.225466E+06  -0.163244E-01  -0.166468E-01   0.114751E+04   0.225394E+06   0.226410E+06   0.225394E+06  -0.538443E-02   0.119185E+06   0.119173E+06   0.722199E-02
   0.581358E+00   0.223323E+06   0.222220E+06  -0.157924E-01  -0.161044E-01   0.111185E+04   0.222148E+06   0.223149E+06   0.222148E+06  -0.530689E-02   0.117469E+06   0.117457E+06   0.704761E-02
   0.586746E+00   0.220135E+06   0.219049E+06  -0.152824E-01  -0.155843E-01   0.107759E+04   0.218978E+06   0.219965E+06   0.218978E+06  -0.523115E-02   0.115793E+06   0.115780E+06   0.687947E-02
   0.592135E+00   0.217018E+06   0.215947E+06  -0.147931E-01  -0.150853E-01   0.104465E+04   0.215877E+06   0.216850E+06   0.215877E+06  -0.515707E-02   0.114153E+06   0.114141E+06   0.671789E-02
   0.597524E+00   0.213963E+06   0.212908E+06  -0.143230E-01  -0.146059E-01   0.101295E+04   0.212839E+06   0.213798E+06   0.212839E+06  -0.508449E-02   0.112546E+06   0.112534E+06   0.656277E-02
   0.602912E+00   0.210968E+06   0.209928E+06  -0.138712E-01  -0.141452E-01   0.982420E+03   0.209859E+06   0.210805E+06   0.209859E+06  -0.501332E-02   0.110971E+06   0.110959E+06   0.641369E-02
   0.608301E+00   0.208034E+06   0.207007E+06  -0.134370E-01  -0.137025E-01   0.953020E+03   0.206940E+06   0.207873E+06   0.206940E+06  -0.494358E-02   0.109427E+06   0.109416E+06   0.627004E-02
   0.613690E+00   0.205162E+06   0.204150E+06  -0.130199E-01  -0.132771E-01   0.924720E+03   0.204084E+06   0.205003E+06   0.204084E+06  -0.487534E-02   0.107917E+06   0.107905E+06   0.613114E-02
   0.619079E+00   0.202354E+06   0.201355E+06  -0.126191E-01  -0.128683E-01   0.897482E+03   0.201290E+06   0.202197E+06   0.201290E+06  -0.480860E-02   0.106439E+06   0.106428E+06   0.599630E-02
   0.624467E+00   0.199606E+06   0.198620E+06  -0.122338E-01  -0.124755E-01   0.871250E+03   0.198556E+06   0.199451E+06   0.198556E+06  -0.474329E-02   0.104994E+06   0.104983E+06   0.586498E-02
   0.629856E+00   0.196917E+06   0.195944E+06  -0.118634E-01  -0.120977E-01   0.845988E+03   0.195881E+06   0.196764E+06   0.195881E+06  -0.467939E-02   0.103579E+06   0.103569E+06   0.573686E-02
   0.681273E+00   0.173953E+06   0.173095E+06  -0.895786E-02  -0.913479E-02   0.646174E+03   0.173038E+06   0.173818E+06   0.173038E+06  -0.413369E-02   0.915002E+05   0.914907E+05   0.468118E-02
   0.736888E+00   0.153532E+06   0.152775E+06  -0.675797E-02  -0.689145E-02   0.492642E+03   0.152724E+06   0.153413E+06   0.152724E+06  -0.364842E-02   0.807587E+05   0.807503E+05   0.381856E-02
   0.797043E+00   0.135405E+06   0.134736E+06  -0.509441E-02  -0.519503E-02   0.374957E+03   0.134691E+06   0.135300E+06   0.134691E+06  -0.321764E-02   0.712234E+05   0.712159E+05   0.311285E-02
   0.862108E+00   0.119329E+06   0.118740E+06  -0.383750E-02  -0.391329E-02   0.284929E+03   0.118700E+06   0.119236E+06   0.118700E+06  -0.283562E-02   0.627673E+05   0.627608E+05   0.253554E-02
   0.932485E+00   0.105085E+06   0.104567E+06  -0.288860E-02  -0.294566E-02   0.216187E+03   0.104531E+06   0.105004E+06   0.104531E+06  -0.249714E-02   0.552752E+05   0.552694E+05   0.206376E-02
   0.100861E+01   0.924790E+05   0.920229E+05  -0.217286E-02  -0.221578E-02   0.163795E+03   0.919916E+05   0.924074E+05   0.919916E+05  -0.219758E-02   0.486443E+05   0.486392E+05   0.167860E-02
   0.109094E+01   0.813305E+05   0.809293E+05  -0.163337E-02  -0.166563E-02   0.123931E+03   0.809017E+05   0.812674E+05   0.809017E+05  -0.193266E-02   0.427801E+05   0.427756E+05   0.136438E-02
   0.118000E+01   0.714794E+05   0.711269E+05  -0.122703E-02  -0.125126E-02   0.936469E+02   0.711025E+05   0.714240E+05   0.711025E+05  -0.169856E-02   0.375984E+05   0.375945E+05   0.110823E-02
   0.127633E+01   0.627838E+05   0.624742E+05  -0.921217E-03  -0.939412E-03   0.706789E+02   0.624527E+05   0.627351E+05   0.624527E+05  -0.149193E-02   0.330245E+05   0.330210E+05   0.899609E-03
   0.138052E+01   0.551123E+05   0.548406E+05  -0.691202E-03  -0.704854E-03   0.532822E+02   0.548217E+05   0.550697E+05   0.548217E+05  -0.130963E-02   0.289892E+05   0.289862E+05   0.729786E-03
   0.149321E+01   0.483506E+05   0.481122E+05  -0.518321E-03  -0.528558E-03   0.401242E+02   0.480956E+05   0.483131E+05   0.480956E+05  -0.114895E-02   0.254325E+05   0.254299E+05   0.591657E-03
   0.161511E+01   0.423948E+05   0.421858E+05  -0.388464E-03  -0.396136E-03   0.301849E+02   0.421711E+05   0.423619E+05   0.421711E+05  -0.100742E-02   0.222998E+05   0.222974E+05   0.479379E-03
   0.174696E+01   0.371529E+05   0.369698E+05  -0.290986E-03  -0.296733E-03   0.226861E+02   0.369569E+05   0.371241E+05   0.369569E+05  -0.882861E-03   0.195425E+05   0.195405E+05   0.388177E-03
   0.188957E+01   0.325420E+05   0.323816E+05  -0.217853E-03  -0.222156E-03   0.170348E+02   0.323703E+05   0.325168E+05   0.323703E+05  -0.773292E-03   0.171172E+05   0.171154E+05   0.314137E-03
   0.201662E+01   0.291446E+05   0.290010E+05  -0.171299E-03  -0.174682E-03   0.134238E+02   0.289908E+05   0.291220E+05   0.289908E+05  -0.692561E-03   0.153301E+05   0.153285E+05   0.263453E-03
   0.252652E+01   0.198418E+05   0.197441E+05  -0.742994E-04  -0.757668E-04   0.585766E+01   0.197372E+05   0.198265E+05   0.197372E+05  -0.471500E-03   0.104369E+05   0.104358E+05   0.142772E-03
   0.316533E+01   0.134594E+05   0.133931E+05  -0.321097E-04  -0.327439E-04   0.254192E+01   0.133884E+05   0.134490E+05   0.133884E+05  -0.319835E-03   0.707969E+04   0.707896E+04   0.769816E-04
   0.396567E+01   0.909980E+04   0.905498E+04  -0.138308E-04  -0.141040E-04   0.109793E+01   0.905178E+04   0.909276E+04   0.905178E+04  -0.216237E-03   0.478651E+04   0.478602E+04   0.412767E-04
   0.496836E+01   0.613373E+04   0.610353E+04  -0.593944E-05  -0.605674E-05   0.472356E+00   0.610136E+04   0.612898E+04   0.610136E+04  -0.145755E-03   0.322635E+04   0.322603E+04   0.219854E-04
   0.622459E+01   0.412305E+04   0.410276E+04  -0.254358E-05  -0.259381E-05   0.202530E+00   0.410129E+04   0.411986E+04   0.410129E+04  -0.979756E-04   0.216873E+04   0.216852E+04   0.116099E-04
   0.779844E+01   0.276447E+04   0.275088E+04  -0.108653E-05  -0.110799E-05   0.865817E-01   0.274989E+04   0.276234E+04   0.274989E+04  -0.656919E-04   0.145412E+04   0.145398E+04   0.605771E-05
