0.01247
0.01795
0.02323
0.02839
0.03343
0.0384
0.04329
0.04811
0.05289
0.05761
0.06229
0.06693
0.07154
0.07611
0.08065
0.08516
0.08964
0.0941
0.09853
0.1029
0.1073
0.1117
0.1161
0.1204
0.1247
0.129
0.1333
0.1375
0.1418
0.146
0.1503
0.1545
0.1587
0.1628
0.167
0.1712
0.1753
0.1795
0.1836
0.1877
0.1918
0.1959
0.2
0.2041
0.2081
0.2122
0.2162
0.2203
0.2243
0.2283
0.2323
0.2363
0.2403
0.2443
0.2483
0.2523
0.2563
0.2602
0.2642
0.2681
0.2721
0.276
0.2799
0.2839
0.2878
0.2917
0.2956
0.2995
0.3034
0.3073
0.3112
0.315
0.3189
0.3228
0.3266
0.3305
0.3343
0.3382
0.342
0.3459
0.3497
0.3535
0.3573
0.3612
0.365
0.3688
0.3726
0.3764
0.3802
0.384
0.3877
0.3915
0.3953
0.3991
0.4028
0.4066
0.4104
0.4141
0.4179
0.4216
0.4254
0.4291
0.4329
0.4366
0.4403
0.444
0.4478
0.4515
0.4552
0.4589
0.4626
0.4663
0.47
0.4737
0.4774
0.4811
0.4848
0.4885
0.4922
0.4959
0.4996
0.5032
0.5069
0.5106
0.5142
0.5179
0.5216
0.5252
0.5289
0.5325
0.5362
0.5398
0.5434
0.5471
0.5507
0.5544
0.558
0.5616
0.5652
0.5689
0.5725
0.5761
0.5797
0.5833
0.5869
0.5905
0.5942
0.5978
0.6014
0.605
0.6085
0.6121
0.6157
0.6193
0.6229
0.6265
0.6301
0.6336
0.6372
0.6408
0.6444
0.6479
0.6515
0.6551
0.6586
0.6622
0.6658
0.6693
0.6729
0.6764
0.68
0.6835
0.6871
0.6906
0.6941
0.6977
0.7012
0.7048
0.7083
0.7118
0.7154
0.7189
0.7224
0.7259
0.7295
0.733
0.7365
0.74
0.7435
0.747
0.7505
0.7541
0.7576
0.7611
0.7646
0.7681
0.7716
0.7751
0.7786
0.7821
0.7855
0.789
0.7925
0.796
0.7995
0.803
0.8065
0.8099
0.8134
0.8169
0.8204
0.8238
0.8273
0.8308
0.8342
0.8377
0.8412
0.8446
0.8481
0.8516
0.855
0.8585
0.8619
0.8654
0.8688
0.8723
0.8757
0.8792
0.8826
0.8861
0.8895
0.893
0.8964
0.8998
0.9033
0.9067
0.9101
0.9136
0.917
0.9204
0.9239
0.9273
0.9307
0.9341
0.9376
0.941
0.9444
0.9478
0.9512
0.9546
0.9581
0.9615
0.9649
0.9683
0.9717
0.9751
0.9785
0.9819
0.9853
0.9887
0.9921
0.9955
0.9989
1.002
1.006
1.009
1.012
1.016
1.019
1.023
1.026
1.029
1.033
1.036
1.04
1.043
1.046
1.05
1.053
1.056
1.06
1.063
1.067
1.07
1.073
1.077
1.08
1.083
1.087
1.09
1.094
1.097
1.1
1.104
1.107
1.11
1.114
1.117
1.12
1.124
1.127
1.13
1.134
1.137
1.14
1.144
1.147
1.151
1.154
1.157
1.161
1.164
1.167
1.171
1.174
1.177
1.181
1.184
1.187
1.191
1.194
1.197
1.201
1.204
1.207
1.211
1.214
1.217
1.22
1.224
1.227
1.23
1.234
1.237
1.24
1.244
1.247
1.25
1.254
1.257
1.26
1.264
1.267
1.27
1.273
1.277
1.28
1.283
1.287
1.29
1.293
1.297
1.3
1.303
1.306
1.31
1.313
1.317
1.321
1.324
1.328
1.331
1.335
1.338
1.342
1.346
1.349
1.353
1.356
1.36
1.363
1.367
1.371
1.374
1.378
1.381
1.385
1.389
1.392
1.396
1.399
1.403
1.406
1.41
1.414
1.417
1.421
1.424
1.428
1.431
1.435
1.439
1.442
1.446
1.449
1.453
1.456
1.46
1.464
1.467
1.471
1.474
1.478
1.481
1.485
1.489
1.492
1.496
1.499
1.503
1.506
1.51
1.514
1.517
1.521
1.524
1.528
1.531
1.535
1.539
1.542
1.546
1.549
1.553
1.556
1.56
1.563
1.567
1.571
1.574
1.578
1.581
1.585
1.588
1.592
1.596
1.599
1.603
1.606
1.61
1.613
1.617
1.621
1.624
1.628
1.631
1.635
1.638
1.642
1.645
1.649
1.653
1.656
1.66
1.663
1.667
1.67
1.674
1.678
1.681
1.685
1.688
1.692
1.695
1.699
1.702
1.705
1.709
1.712
1.715
1.719
1.722
1.726
1.729
1.732
1.736
1.739
1.743
1.746
1.749
1.753
1.756
1.76
1.763
1.766
1.77
1.773
1.776
1.78
1.783
1.787
1.79
1.793
1.797
1.8
1.803
1.807
1.81
1.814
1.817
1.82
1.824
1.827
1.83
1.834
1.837
1.841
1.844
1.847
1.851
1.854
1.857
1.861
1.864
1.868
1.871
1.874
1.878
1.881
1.884
1.888
1.891
1.895
1.898
1.901
1.905
1.908
1.911
1.915
1.918
1.921
1.925
1.928
1.932
1.935
1.938
1.942
1.945
1.948
1.952
1.955
1.958
1.962
1.965
1.968
1.972
1.975
1.979
1.982
1.985
1.989
1.992
1.995
1.999
2.002
2.005
2.009
2.012
2.015
2.019
2.022
2.026
2.029
2.032
2.036
2.039
2.042
2.046
2.049
2.052
2.056
2.059
2.062
2.066
2.069
2.072
2.076
2.079
2.082
2.086
2.089
2.092
2.096
2.099
2.102
2.106
2.109
2.112
2.116
2.119
2.122
2.126
2.129
2.132
2.136
2.139
2.143
2.146
2.149
2.153
2.156
2.159
2.162
2.165
2.168
2.171
2.174
2.177
2.18
2.183
2.186
2.189
2.192
2.195
2.198
2.2
2.203
2.206
2.209
2.212
2.215
2.218
2.221
2.224
2.227
2.23
2.233
2.236
2.239
2.242
2.245
2.248
2.251
2.253
2.256
2.259
2.262
2.265
2.268
2.271
2.274
2.277
2.28
2.283
2.286
2.289
2.292
2.295
2.297
2.3
2.303
2.306
2.309
2.312
2.315
2.318
2.321
2.324
2.327
2.33
2.332
2.335
2.338
2.341
2.344
2.347
2.35
2.353
2.356
2.359
2.362
2.365
2.367
2.37
2.373
2.376
2.379
2.382
2.385
2.388
2.391
2.394
2.396
2.399
2.402
2.405
2.408
2.411
2.414
2.417
2.42
2.423
2.425
2.428
2.431
2.434
2.437
2.44
2.443
2.446
2.449
2.451
2.454
2.457
2.46
2.463
2.466
2.469
2.472
2.474
2.477
2.48
2.483
2.486
2.489
2.492
2.495
2.497
2.5
2.503
2.506
2.509
2.512
2.515
2.518
2.52
2.523
2.526
2.529
2.532
2.535
2.538
2.541
2.543
2.546
2.549
2.552
2.555
2.558
2.561
2.563
2.566
2.569
2.572
2.575
2.578
2.581
2.583
2.586
2.589
2.592
2.595
2.598
2.601
2.603
2.606
2.609
2.612
2.615
2.618
2.62
2.623
2.626
2.629
2.632
2.635
2.638
2.64
2.643
2.646
2.649
2.652
2.655
2.657
2.66
2.663
2.666
2.669
2.672
2.674
2.677
2.68
2.683
2.685
2.687
2.69
2.692
2.695
2.697
2.7
2.702
2.704
2.707
2.709
2.712
2.714
2.716
2.719
2.721
2.724
2.726
2.728
2.731
2.733
2.736
2.738
2.74
2.743
2.745
2.748
2.75
2.752
2.755
2.757
2.76
2.762
2.764
2.767
2.769
2.772
2.774
2.776
2.779
2.781
2.783
2.786
2.788
2.791
2.793
2.795
2.798
2.8
2.802
2.805
2.807
2.81
2.812
2.814
2.817
2.819
2.821
2.824
2.826
2.829
2.831
2.833
2.836
2.838
2.84
2.843
2.845
2.847
2.85
2.852
2.855
2.857
2.859
2.862
2.864
2.866
2.869
2.871
2.873
2.876
2.878
2.88
2.883
2.885
2.887
2.89
2.892
2.895
2.897
2.899
2.902
2.904
2.906
2.909
2.911
2.913
2.916
2.918
2.92
2.923
2.925
2.927
2.93
2.932
2.934
2.937
2.939
2.941
2.944
2.946
2.948
2.951
2.953
2.955
2.958
2.96
2.962
2.964
2.967
2.969
2.971
2.974
2.976
2.978
2.981
2.983
2.985
2.988
2.99
2.992
2.995
2.997
2.999
3.002
3.004
3.006
3.008
3.011
3.013
3.015
3.018
3.02
3.022
3.025
3.027
3.029
3.031
3.034
3.036
3.038
3.041
3.043
3.045
3.048
3.05
3.052
3.054
3.057
3.059
3.061
3.064
3.066
3.068
3.07
3.073
3.075
3.077
3.08
3.082
3.084
3.086
3.089
3.091
3.093
3.096
3.098
3.1
3.102
3.105
3.107
3.109
3.112
3.114
3.116
3.118
3.121
3.123
3.125
3.127
3.13
3.132
3.134
3.137
3.139
3.141
3.143
3.146
3.148
3.15
3.152
3.155
3.157
3.159
3.161
3.164
3.166
3.168
3.17
3.173
3.175
3.177
3.179
3.182
3.184
3.186
3.188
3.191
3.193
3.195
3.197
3.2
3.202
3.204
3.206
3.209
3.211
3.213
3.215
3.218
3.22
3.222
3.224
3.227
3.228
3.23
3.232
3.234
3.236
3.238
3.239
3.241
3.243
3.245
3.247
3.249
3.25
3.252
3.254
3.256
3.258
3.26
3.261
3.263
3.265
3.267
3.269
3.27
3.272
3.274
3.276
3.278
3.28
3.281
3.283
3.285
3.287
3.289
3.29
3.292
3.294
3.296
3.298
3.299
3.301
3.303
3.305
3.307
3.308
3.31
3.312
3.314
3.316
3.317
3.319
3.321
3.323
3.325
3.326
3.328
3.33
3.332
3.334
3.335
3.337
3.339
3.341
3.343
3.344
3.346
3.348
3.35
3.352
3.353
3.355
3.357
3.359
3.36
3.362
3.364
3.366
3.368
3.369
3.371
3.373
3.375
3.376
3.378
3.38
3.382
3.384
3.385
3.387
3.389
3.391
3.392
3.394
3.396
3.398
3.399
3.401
3.403
3.405
3.407
3.408
3.41
3.412
3.414
3.415
3.417
3.419
3.421
3.422
3.424
3.426
3.428
3.429
3.431
3.433
3.435
3.436
3.438
3.44
3.442
3.443
3.445
3.447
3.449
3.45
3.452
3.454
3.456
3.457
3.459
3.461
3.463
3.464
3.466
3.468
3.47
3.471
3.473
3.475
3.477
3.478
3.48
3.482
3.484
3.485
3.487
3.489
3.49
3.492
3.494
3.496
3.497
3.499
3.501
3.503
3.504
3.506
3.508
3.51
3.511
3.513
3.515
3.516
3.518
3.52
3.522
3.523
3.525
3.527
3.528
3.53
3.532
3.534
3.535
3.537
3.539
3.541
3.542
3.544
3.546
3.547
3.549
3.551
3.553
3.554
3.556
3.558
3.559
3.561
3.563
3.564
3.566
3.568
3.57
3.571
3.573
3.575
3.576
3.578
3.58
3.582
3.583
3.585
3.587
3.588
3.59
3.592
3.593
3.595
3.597
3.598
3.6
3.602
3.604
3.605
3.607
3.609
3.61
3.612
3.614
3.615
3.617
3.619
3.62
3.622
3.624
3.626
3.627
3.629
3.631
3.632
3.634
3.636
3.637
3.639
3.641
3.642
3.644
3.646
3.647
3.649
3.651
3.652
3.654
3.656
3.657
3.659
3.661
3.663
3.664
3.666
3.668
3.669
3.671
3.673
3.674
3.676
3.678
3.679
3.681
3.683
3.684
3.686
3.688
3.689
3.691
3.693
3.694
3.696
3.698
3.699
3.701
3.703
3.704
3.706
3.708
3.709
3.711
3.713
3.714
3.716
3.717
3.719
3.721
3.722
3.724
3.726
3.727
3.729
3.731
3.732
3.734
3.736
3.737
3.739
3.741
3.742
3.744
3.746
3.747
3.749
3.75
3.752
3.754
3.755
3.757
3.758
3.759
3.76
3.762
3.763
3.764
3.766
3.767
3.768
3.77
3.771
3.772
3.773
3.775
3.776
3.777
3.779
3.78
3.781
3.782
3.784
3.785
3.786
3.788
3.789
3.79
3.791
3.793
3.794
3.795
3.796
3.798
3.799
3.8
3.802
3.803
3.804
3.805
3.807
3.808
3.809
3.81
3.812
3.813
3.814
3.816
3.817
3.818
3.819
3.821
3.822
3.823
3.824
3.826
3.827
3.828
3.83
3.831
3.832
3.833
3.835
3.836
3.837
3.838
3.84
3.841
3.842
3.843
3.845
3.846
3.847
3.848
3.85
3.851
3.852
3.853
3.855
3.856
3.857
3.858
3.86
3.861
3.862
3.863
3.865
3.866
3.867
3.868
3.87
3.871
3.872
3.873
3.875
3.876
3.877
3.878
3.88
3.881
3.882
3.883
3.885
3.886
3.887
3.888
3.89
3.891
3.892
3.893
3.895
3.896
3.897
3.898
3.9
3.901
3.902
3.903
3.905
3.906
3.907
3.908
3.909
3.911
3.912
3.913
3.914
3.916
3.917
3.918
3.919
3.921
3.922
3.923
3.924
3.925
3.927
3.928
3.929
3.93
3.932
3.933
3.934
3.935
3.936
3.938
3.939
3.94
3.941
3.943
3.944
3.945
3.946
3.947
3.949
3.95
3.951
3.952
3.954
3.955
3.956
3.957
3.958
3.96
3.961
3.962
3.963
3.965
3.966
3.967
3.968
3.969
3.971
3.972
3.973
3.974
3.975
3.977
3.978
3.979
3.98
3.981
3.983
3.984
3.985
3.986
3.988
3.989
3.99
3.991
3.992
3.994
3.995
3.996
3.997
3.998
4.0
4.001
4.002
4.003
4.004
4.006
4.007
4.008
4.009
4.01
4.012
4.013
4.014
4.015
4.016
4.017
4.019
4.02
4.021
4.022
4.023
4.025
4.026
4.027
4.028
4.029
4.031
4.032
4.033
4.034
4.035
4.037
4.038
4.039
4.04
4.041
4.042
4.044
4.045
4.046
4.047
4.048
4.05
4.051
4.052
4.053
4.054
4.056
4.057
4.058
4.059
4.06
4.061
4.063
4.064
4.065
4.066
4.067
4.068
4.07
4.071
4.072
4.073
4.074
4.076
4.077
4.078
4.079
4.08
4.081
4.083
4.084
4.085
4.086
4.087
4.088
4.09
4.091
4.092
4.093
4.094
4.095
4.097
4.098
4.099
4.1
4.101
4.102
4.104
4.105
4.106
4.107
4.108
4.109
4.111
4.112
4.113
4.114
4.115
4.116
4.118
4.119
4.12
4.121
4.122
4.123
4.124
4.126
4.127
4.128
4.129
4.13
4.131
4.133
4.134
4.135
4.136
4.137
4.138
4.14
4.141
4.142
4.143
4.144
4.145
4.146
4.148
4.149
4.15
4.151
4.152
4.153
4.154
4.156
4.157
4.158
4.159
4.16
4.161
4.162
4.164
4.165
4.166
4.167
4.168
4.169
4.17
4.172
4.173
4.174
4.175
4.176
4.177
4.178
4.18
4.181
4.182
4.183
4.184
4.185
4.186
4.188
4.189
4.19
4.191
4.192
4.193
4.194
4.196
4.197
4.198
4.199
4.2
4.201
4.202
4.203
4.205
4.206
4.207
4.208
4.209
4.21
4.211
4.213
4.214
4.215
4.216
4.217
4.218
4.219
4.22
4.222
4.223
4.224
4.225
4.226
4.227
4.228
4.229
4.231
4.232
4.232
4.233
4.234
4.235
4.235
4.236
4.237
4.238
4.239
4.239
4.24
4.241
4.242
4.242
4.243
4.244
4.245
4.246
4.246
4.247
4.248
4.249
4.249
4.25
4.251
4.252
4.253
4.253
4.254
4.255
4.256
4.256
4.257
4.258
4.259
4.259
4.26
4.261
4.262
4.263
4.263
4.264
4.265
4.266
4.266
4.267
4.268
4.269
4.269
4.27
4.271
4.272
4.273
4.273
4.274
4.275
4.276
4.276
4.277
4.278
4.279
4.279
4.28
4.281
4.282
4.282
4.283
4.284
4.285
4.285
4.286
4.287
4.288
4.288
4.289
4.29
4.291
4.292
4.292
4.293
4.294
4.295
4.295
4.296
4.297
4.298
4.298
4.299
4.3
4.301
4.301
4.302
4.303
4.304
4.304
4.305
4.306
4.307
4.307
4.308
4.309
4.31
4.31
4.311
4.312
4.313
4.313
4.314
4.315
4.316
4.316
4.317
4.318
4.319
4.319
4.32
4.321
4.322
4.322
4.323
4.324
4.325
4.325
4.326
4.327
4.328
4.328
4.329
4.33
4.331
4.331
4.332
4.333
4.333
4.334
4.335
4.336
4.336
4.337
4.338
4.339
4.339
4.34
4.341
4.342
4.342
4.343
4.344
4.345
4.345
4.346
4.347
4.348
4.348
4.349
4.35
4.35
4.351
4.352
4.353
4.353
4.354
4.355
4.356
4.356
4.357
4.358
4.359
4.359
4.36
4.361
4.361
4.362
4.363
4.364
4.364
4.365
4.366
4.367
4.367
4.368
4.369
4.369
4.37
4.371
4.372
4.372
4.373
4.374
4.375
4.375
4.376
4.377
4.377
4.378
4.379
4.38
4.38
4.381
4.382
4.383
4.383
4.384
4.385
4.385
4.386
4.387
4.388
4.388
4.389
4.39
4.39
4.391
4.392
4.393
4.393
4.394
4.395
4.396
4.396
4.397
4.398
4.398
4.399
4.4
4.401
4.401
4.402
4.403
4.403
4.404
4.405
4.406
4.406
4.407
4.408
4.408
4.409
4.41
4.411
4.411
4.412
4.413
4.413
4.414
4.415
4.416
4.416
4.417
4.418
4.418
4.419
4.42
4.421
4.421
4.422
4.423
4.423
4.424
4.425
4.426
4.426
4.427
4.428
4.428
4.429
4.43
4.43
4.431
4.432
4.433
4.433
4.434
4.435
4.435
4.436
4.437
4.438
4.438
4.439
4.44
4.44
4.441
4.442
4.442
4.443
4.444
4.445
4.445
4.446
4.447
4.447
4.448
4.449
4.449
4.45
4.451
4.452
4.452
4.453
4.454
4.454
4.455
4.456
4.456
4.457
4.458
4.459
4.459
4.46
4.461
4.461
4.462
4.463
4.463
4.464
4.465
4.465
4.466
4.467
4.468
4.468
4.469
4.47
4.47
4.471
4.472
4.472
4.473
4.474
4.475
4.475
4.476
4.477
4.477
4.478
4.479
4.479
4.48
4.481
4.481
4.482
4.483
4.483
4.484
4.485
4.486
4.486
4.487
4.488
4.488
4.489
4.49
4.49
4.491
4.492
4.492
4.493
4.494
4.494
4.495
4.496
4.497
4.497
4.498
4.499
4.499
4.5
4.501
4.501
4.502
4.503
4.503
4.504
4.505
4.505
4.506
4.507
4.507
4.508
4.509
4.51
4.51
4.511
4.512
4.512
4.513
4.514
4.514
4.515
4.516
4.516
4.517
4.518
4.518
4.519
4.52
4.52
4.521
4.522
4.522
4.523
4.524
4.524
4.525
4.526
4.526
4.527
4.528
4.528
4.529
4.53
4.53
4.531
4.532
4.533
4.533
4.534
4.535
4.535
4.536
4.537
4.537
4.538
4.539
4.539
4.54
4.541
4.541
4.542
4.543
4.543
4.544
4.545
4.545
4.546
4.547
4.547
4.548
4.549
4.549
4.55
4.551
4.551
4.552
4.553
4.553
4.554
4.555
4.555
4.556
4.557
4.557
4.558
4.559
4.559
4.56
4.561
4.561
4.562
4.563
4.563
4.564
4.565
4.565
4.566
4.567
4.567
4.568
4.569
4.569
4.57
4.571
4.571
4.572
4.573
4.573
4.574
4.574
4.575
4.576
4.576
4.577
4.578
4.578
4.579
4.58
4.58
4.581
4.582
4.582
4.583
4.584
4.584
4.585
4.586
4.586
4.587
4.588
4.588
4.589
4.59
4.59
4.591
4.592
4.592
4.593
4.594
4.594
4.595
4.595
4.596
4.597
4.597
4.598
4.598
4.599
4.599
4.599
4.6
4.6
4.6
4.601
4.601
4.601
4.602
4.602
4.602
4.603
4.603
4.603
4.604
4.604
4.604
4.605
4.605
4.605
4.606
4.606
4.606
4.607
4.607
4.607
4.608
4.608
4.608
4.609
4.609
4.609
4.61
4.61
4.61
4.611
4.611
4.611
4.612
4.612
4.612
4.613
4.613
4.613
4.614
4.614
4.614
4.615
4.615
4.615
4.616
4.616
4.616
4.617
4.617
4.617
4.618
4.618
4.618
4.619
4.619
4.619
4.62
4.62
4.62
4.621
4.621
4.621
4.622
4.622
4.622
4.623
4.623
4.623
4.623
4.624
4.624
4.624
4.625
4.625
4.625
4.626
4.626
4.626
4.627
4.627
4.627
4.628
4.628
4.628
4.629
4.629
4.629
4.63
4.63
4.63
4.631
4.631
4.631
4.632
4.632
4.632
4.633
4.633
4.633
4.634
4.634
4.634
4.635
4.635
4.635
4.635
4.636
4.636
4.636
4.637
4.637
4.637
4.638
4.638
4.638
4.639
4.639
4.639
4.64
4.64
4.64
4.641
4.641
4.641
4.642
4.642
4.642
4.643
4.643
4.643
4.644
4.644
4.644
4.644
4.645
4.645
4.645
4.646
4.646
4.646
4.647
4.647
4.647
4.648
4.648
4.648
4.649
4.649
4.649
4.65
4.65
4.65
4.651
4.651
4.651
4.651
4.652
4.652
4.652
4.653
4.653
4.653
4.654
4.654
4.654
4.655
4.655
4.655
4.656
4.656
4.656
4.657
4.657
4.657
4.657
4.658
4.658
4.658
4.659
4.659
4.659
4.66
4.66
4.66
4.661
4.661
4.661
4.662
4.662
4.662
4.662
4.663
4.663
4.663
4.664
4.664
4.664
4.665
4.665
4.665
4.666
4.666
4.666
4.667
4.667
4.667
4.667
4.668
4.668
4.668
4.669
4.669
4.669
4.67
4.67
4.67
4.671
4.671
4.671
4.671
4.672
4.672
4.672
4.673
4.673
4.673
4.674
4.674
4.674
4.675
4.675
4.675
4.676
4.676
4.676
4.676
4.677
4.677
4.677
4.678
4.678
4.678
4.679
4.679
4.679
4.68
4.68
4.68
4.68
4.681
4.681
4.681
4.682
4.682
4.682
4.683
4.683
4.683
4.683
4.684
4.684
4.684
4.685
4.685
4.685
4.686
4.686
4.686
4.687
4.687
4.687
4.687
4.688
4.688
4.688
4.689
4.689
4.689
4.69
4.69
4.69
4.69
4.691
4.691
4.691
4.692
4.692
4.692
4.693
4.693
4.693
4.694
4.694
4.694
4.694
4.695
4.695
4.695
4.696
4.696
4.696
4.697
4.697
4.697
4.697
4.698
4.698
4.698
4.699
4.699
4.699
4.7
4.7
4.7
4.7
4.701
4.701
4.701
4.702
4.702
4.702
4.703
4.703
4.703
4.703
4.704
4.704
4.704
4.705
4.705
4.705
4.706
4.706
4.706
4.706
4.707
4.707
4.707
4.708
4.708
4.708
4.709
4.709
4.709
4.709
4.71
4.71
4.71
4.711
4.711
4.711
4.711
4.712
4.712
4.712
4.713
4.713
4.713
4.714
4.714
4.714
4.714
4.715
4.715
4.715
4.716
4.716
4.716
4.717
4.717
4.717
4.717
4.718
4.718
4.718
4.719
4.719
4.719
4.719
4.72
4.72
4.72
4.721
4.721
4.721
4.722
4.722
4.722
4.722
4.723
4.723
4.723
4.724
4.724
4.724
4.724
4.725
4.725
4.725
4.726
4.726
4.726
4.726
4.727
4.727
4.727
4.728
4.728
4.728
4.729
4.729
4.729
4.729
4.73
4.73
4.73
4.731
4.731
4.731
4.731
4.732
4.732
4.732
4.733
4.733
4.733
4.733
4.734
4.734
4.734
4.735
4.735
4.735
4.735
4.736
4.736
4.736
4.737
4.737
4.737
4.738
4.738
4.738
4.738
4.739
4.739
4.739
4.74
4.74
4.74
4.74
4.741
4.741
4.741
4.742
4.742
4.742
4.742
4.743
4.743
4.743
4.744
4.744
4.744
4.744
4.745
4.745
4.745
4.746
4.746
4.746
4.746
4.747
4.747
4.747
4.748
4.748
4.748
4.748
4.749
4.749
4.749
4.75
4.75
4.75
4.75
4.751
4.751
4.751
4.752
4.752
4.752
4.752
4.753
4.753
4.753
4.754
4.754
4.754
4.754
4.755
4.755
4.755
4.755
4.756
4.756
4.756
4.757
4.757
4.757
4.757
4.758
4.758
4.758
4.759
4.759
4.759
4.759
4.76
4.76
4.76
4.761
4.761
4.761
4.761
4.762
4.762
4.762
4.763
4.763
4.763
4.763
4.764
4.764
4.764
4.764
4.765
4.765
4.765
4.766
4.766
4.766
4.766
4.767
4.767
4.767
4.768
4.768
4.768
4.768
4.769
4.769
4.769
4.77
4.77
4.77
4.77
4.771
4.771
4.771
4.771
4.772
4.772
4.772
4.773
4.773
4.773
4.773
4.774
4.774
4.774
4.775
4.775
4.775
4.775
4.776
4.776
4.776
4.776
4.777
4.777
4.777
4.778
4.778
4.778
4.778
4.779
4.779
4.779
4.779
4.78
4.78
4.78
4.781
4.781
4.781
4.781
4.782
4.782
4.782
4.783
4.783
4.783
4.783
4.784
4.784
4.784
4.784
4.785
4.785
4.785
4.786
4.786
4.786
4.786
4.787
4.787
4.787
4.787
4.788
4.788
4.788
4.789
4.789
4.789
4.789
4.79
4.79
4.79
4.79
4.791
4.791
4.791
4.792
4.792
4.792
4.792
4.793
4.793
4.793
4.793
4.794
4.794
4.794
4.795
4.795
4.795
4.795
4.796
4.796
4.796
4.796
4.797
4.797
4.797
4.797
4.798
4.798
4.798
4.799
4.799
4.799
4.799
4.799
4.799
4.799
4.799
4.799
4.798
4.798
4.798
4.798
4.798
4.798
4.798
4.798
4.798
4.798
4.798
4.798
4.798
4.798
4.798
4.798
4.798
4.798
4.798
4.798
4.798
4.798
4.798
4.798
4.798
4.798
4.798
4.798
4.798
4.798
4.798
4.798
4.798
4.798
4.797
4.797
4.797
4.797
4.797
4.797
4.797
4.797
4.797
4.797
4.797
4.797
4.797
4.797
4.797
4.797
4.797
4.797
4.797
4.797
4.797
4.797
4.797
4.797
4.797
4.797
4.797
4.797
4.797
4.797
4.797
4.797
4.797
4.797
4.797
4.797
4.796
4.796
4.796
4.796
4.796
4.796
4.796
4.796
4.796
4.796
4.796
4.796
4.796
4.796
4.796
4.796
4.796
4.796
4.796
4.796
4.796
4.796
4.796
4.796
4.796
4.796
4.796
4.796
4.796
4.796
4.796
4.796
4.796
4.796
4.796
4.795
4.795
4.795
4.795
4.795
4.795
4.795
4.795
4.795
4.795
4.795
4.795
4.795
4.795
4.795
4.795
4.795
4.795
4.795
4.795
4.795
4.795
4.795
4.795
4.795
4.795
4.795
4.795
4.795
4.795
4.795
4.795
4.795
4.795
4.795
4.795
4.794
4.794
4.794
4.794
4.794
4.794
4.794
4.794
4.794
4.794
4.794
4.794
4.794
4.794
4.794
4.794
4.794
4.794
4.794
4.794
4.794
4.794
4.794
4.794
4.794
4.794
4.794
4.794
4.794
4.794
4.794
4.794
4.794
4.794
4.794
4.794
4.794
4.793
4.793
4.793
4.793
4.793
4.793
4.793
4.793
4.793
4.793
4.793
4.793
4.793
4.793
4.793
4.793
4.793
4.793
4.793
4.793
4.793
4.793
4.793
4.793
4.793
4.793
4.793
4.793
4.793
4.793
4.793
4.793
4.793
4.793
4.793
4.793
4.793
4.792
4.792
4.792
4.792
4.792
4.792
4.792
4.792
4.792
4.792
4.792
4.792
4.792
4.792
4.792
4.792
4.792
4.792
4.792
4.792
4.792
4.792
4.792
4.792
4.792
4.792
4.792
4.792
4.792
4.792
4.792
4.792
4.792
4.792
4.792
4.792
4.792
4.791
4.791
4.791
4.791
4.791
4.791
4.791
4.791
4.791
4.791
4.791
4.791
4.791
4.791
4.791
4.791
4.791
4.791
4.791
4.791
4.791
4.791
4.791
4.791
4.791
4.791
4.791
4.791
4.791
4.791
4.791
4.791
4.791
4.791
4.791
4.791
4.791
4.791
4.79
4.79
4.79
4.79
4.79
4.79
4.79
4.79
4.79
4.79
4.79
4.79
4.79
4.79
4.79
4.79
4.79
4.79
4.79
4.79
4.79
4.79
4.79
4.79
4.79
4.79
4.79
4.79
4.79
4.79
4.79
4.79
4.79
4.79
4.79
4.79
4.79
4.79
4.789
4.789
4.789
4.789
4.789
4.789
4.789
4.789
4.789
4.789
4.789
4.789
4.789
4.789
4.789
4.789
4.789
4.789
4.789
4.789
4.789
4.789
4.789
4.789
4.789
4.789
4.789
4.789
4.789
4.789
4.789
4.789
4.789
4.789
4.789
4.789
4.789
4.789
4.789
4.788
4.788
4.788
4.788
4.788
4.788
4.788
4.788
4.788
4.788
4.788
4.788
4.788
4.788
4.788
4.788
4.788
4.788
4.788
4.788
4.788
4.788
4.788
4.788
4.788
4.788
4.788
4.788
4.788
4.788
4.788
4.788
4.788
4.788
4.788
4.788
4.788
4.788
4.788
4.787
4.787
4.787
4.787
4.787
4.787
4.787
4.787
4.787
4.787
4.787
4.787
4.787
4.787
4.787
4.787
4.787
4.787
4.787
4.787
4.787
4.787
4.787
4.787
4.787
4.787
4.787
4.787
4.787
4.787
4.787
4.787
4.787
4.787
4.787
4.787
4.787
4.787
4.787
4.787
4.786
4.786
4.786
4.786
4.786
4.786
4.786
4.786
4.786
4.786
4.786
4.786
4.786
4.786
4.786
4.786
4.786
4.786
4.786
4.786
4.786
4.786
4.786
4.786
4.786
4.786
4.786
4.786
4.786
4.786
4.786
4.786
4.786
4.786
4.786
4.786
4.786
4.786
4.786
4.786
4.785
4.785
4.785
4.785
4.785
4.785
4.785
4.785
4.785
4.785
4.785
4.785
4.785
4.785
4.785
4.785
4.785
4.785
4.785
4.785
4.785
4.785
4.785
4.785
4.785
4.785
4.785
4.785
4.785
4.785
4.785
4.785
4.785
4.785
4.785
4.785
4.785
4.785
4.785
4.785
4.785
4.784
4.784
4.784
4.784
4.784
4.784
4.784
4.784
4.784
4.784
4.784
4.784
4.784
4.784
4.784
4.784
4.784
4.784
4.784
4.784
4.784
4.784
4.784
4.784
4.784
4.784
4.784
4.784
4.784
4.784
4.784
4.784
4.784
4.784
4.784
4.784
4.784
4.784
4.784
4.784
4.784
4.783
4.783
4.783
4.783
4.783
4.783
4.783
4.783
4.783
4.783
4.783
4.783
4.783
4.783
4.783
4.783
4.783
4.783
4.783
4.783
4.783
4.783
4.783
4.783
4.783
4.783
4.783
4.783
4.783
4.783
4.783
4.783
4.783
4.783
4.783
4.783
4.783
4.783
4.783
4.783
4.783
4.782
4.782
4.782
4.782
4.782
4.782
4.782
4.782
4.782
4.782
4.782
4.782
4.782
4.782
4.782
4.782
4.782
4.782
4.782
4.782
4.782
4.782
4.782
4.782
4.782
4.782
4.782
4.782
4.782
4.782
4.782
4.782
4.782
4.782
4.782
4.782
4.782
4.782
4.782
4.782
4.782
4.782
4.782
4.781
4.781
4.781
4.781
4.781
4.781
4.781
4.781
4.781
4.781
4.781
4.781
4.781
4.781
4.781
4.781
4.781
4.781
4.781
4.781
4.781
4.781
4.781
4.781
4.781
4.781
4.781
4.781
4.781
4.781
4.781
4.781
4.781
4.781
4.781
4.781
4.781
4.781
4.781
4.781
4.781
4.781
4.78
4.78
4.78
4.78
4.78
4.78
4.78
4.78
4.78
4.78
4.78
4.78
4.78
4.78
4.78
4.78
4.78
4.78
4.78
4.78
4.78
4.78
4.78
4.78
4.78
4.78
4.78
4.78
4.78
4.78
4.78
4.78
4.78
4.78
4.78
4.78
4.78
4.78
4.78
4.78
4.78
4.78
4.78
4.779
4.779
4.779
4.779
4.779
4.779
4.779
4.779
4.779
4.779
4.779
4.779
4.779
4.779
4.779
4.779
4.779
4.779
4.779
4.779
4.779
4.779
4.779
4.779
4.779
4.779
4.779
4.779
4.779
4.779
4.779
4.779
4.779
4.779
4.779
4.779
4.779
4.779
4.779
4.779
4.779
4.779
4.779
4.779
4.778
4.778
4.778
4.778
4.778
4.778
4.778
4.778
4.778
4.778
4.778
4.778
4.778
4.778
4.778
4.778
4.778
4.778
4.778
4.778
4.778
4.778
4.778
4.778
4.778
4.778
4.778
4.778
4.778
4.778
4.778
4.778
4.778
4.778
4.778
4.778
4.778
4.778
4.778
4.778
4.778
4.778
4.778
4.778
4.777
4.777
4.777
4.777
4.777
4.777
4.777
4.777
4.777
4.777
4.777
4.777
4.777
4.777
4.777
4.777
4.777
4.777
4.777
4.777
4.777
4.777
4.777
4.777
4.777
4.777
4.777
4.777
4.777
4.777
4.777
4.777
4.777
4.777
4.777
4.777
4.777
4.776
4.776
4.776
4.776
4.775
4.775
4.775
4.774
4.774
4.774
4.774
4.773
4.773
4.773
4.773
4.772
4.772
4.772
4.772
4.771
4.771
4.771
4.77
4.77
4.77
4.77
4.769
4.769
4.769
4.769
4.768
4.768
4.768
4.767
4.767
4.767
4.767
4.766
4.766
4.766
4.766
4.765
4.765
4.765
4.765
4.764
4.764
4.764
4.763
4.763
4.763
4.763
4.762
4.762
4.762
4.762
4.761
4.761
4.761
4.761
4.76
4.76
4.76
4.759
4.759
4.759
4.759
4.758
4.758
4.758
4.758
4.757
4.757
4.757
4.757
4.756
4.756
4.756
4.755
4.755
4.755
4.755
4.754
4.754
4.754
4.754
4.753
4.753
4.753
4.753
4.752
4.752
4.752
4.752
4.751
4.751
4.751
4.75
4.75
4.75
4.75
4.749
4.749
4.749
4.749
4.748
4.748
4.748
4.748
4.747
4.747
4.747
4.747
4.746
4.746
4.746
4.745
4.745
4.745
4.745
4.744
4.744
4.744
4.744
4.743
4.743
4.743
4.743
4.742
4.742
4.742
4.742
4.741
4.741
4.741
4.741
4.74
4.74
4.74
4.739
4.739
4.739
4.739
4.738
4.738
4.738
4.738
4.737
4.737
4.737
4.737
4.736
4.736
4.736
4.736
4.735
4.735
4.735
4.735
4.734
4.734
4.734
4.734
4.733
4.733
4.733
4.733
4.732
4.732
4.732
4.731
4.731
4.731
4.731
4.73
4.73
4.73
4.73
4.729
4.729
4.729
4.729
4.728
4.728
4.728
4.728
4.727
4.727
4.727
4.727
4.726
4.726
4.726
4.726
4.725
4.725
4.725
4.725
4.724
4.724
4.724
4.724
4.723
4.723
4.723
4.723
4.722
4.722
4.722
4.722
4.721
4.721
4.721
4.72
4.72
4.72
4.72
4.719
4.719
4.719
4.719
4.718
4.718
4.718
4.718
4.717
4.717
4.717
4.717
4.716
4.716
4.716
4.716
4.715
4.715
4.715
4.715
4.714
4.714
4.714
4.714
4.713
4.713
4.713
4.713
4.712
4.712
4.712
4.712
4.711
4.711
4.711
4.711
4.71
4.71
4.71
4.71
4.709
4.709
4.709
4.709
4.708
4.708
4.708
4.708
4.707
4.707
4.707
4.707
4.706
4.706
4.706
4.706
4.705
4.705
4.705
4.705
4.704
4.704
4.704
4.704
4.703
4.703
4.703
4.703
4.702
4.702
4.702
4.702
4.701
4.701
4.701
4.701
4.7
4.7
4.7
4.7
4.699
4.699
4.699
4.699
4.698
4.698
4.698
4.698
4.697
4.697
4.697
4.697
4.696
4.696
4.696
4.696
4.695
4.695
4.695
4.695
4.694
4.694
4.694
4.694
4.694
4.693
4.693
4.693
4.693
4.692
4.692
4.692
4.692
4.691
4.691
4.691
4.691
4.69
4.69
4.69
4.69
4.689
4.689
4.689
4.689
4.688
4.688
4.688
4.688
4.687
4.687
4.687
4.687
4.686
4.686
4.686
4.686
4.685
4.685
4.685
4.685
4.684
4.684
4.684
4.684
4.684
4.683
4.683
4.683
4.683
4.682
4.682
4.682
4.682
4.681
4.681
4.681
4.681
4.68
4.68
4.68
4.68
4.679
4.679
4.679
4.679
4.678
4.678
4.678
4.678
4.677
4.677
4.677
4.677
4.676
4.676
4.676
4.676
4.676
4.675
4.675
4.675
4.675
4.674
4.674
4.674
4.674
4.673
4.673
4.673
4.673
4.672
4.672
4.672
4.672
4.671
4.671
4.671
4.671
4.67
4.67
4.67
4.67
4.67
4.669
4.669
4.669
4.669
4.668
4.668
4.668
4.668
4.667
4.667
4.667
4.667
4.666
4.666
4.666
4.666
4.665
4.665
4.665
4.665
4.665
4.664
4.664
4.664
4.664
4.663
4.663
4.663
4.663
4.662
4.662
4.662
4.662
4.661
4.661
4.661
4.661
4.661
4.66
4.66
4.66
4.66
4.659
4.659
4.659
4.659
4.658
4.658
4.658
4.658
4.657
4.657
4.657
4.657
4.657
4.656
4.656
4.656
4.656
4.655
4.655
4.655
4.655
4.654
4.654
4.654
4.654
4.653
4.653
4.653
4.653
4.653
4.652
4.652
4.652
4.652
4.651
4.651
4.651
4.651
4.65
4.65
4.65
4.65
4.649
4.649
4.649
4.649
4.649
4.648
4.648
4.648
4.648
4.647
4.647
4.647
4.647
4.646
4.646
4.646
4.646
4.646
4.645
4.645
4.645
4.645
4.644
4.644
4.644
4.644
4.643
4.643
4.643
4.643
4.643
4.642
4.642
4.642
4.642
4.641
4.641
4.641
4.641
4.64
4.64
4.64
4.64
4.64
4.639
4.639
4.639
4.639
4.638
4.638
4.638
4.638
4.637
4.637
4.637
4.637
4.637
4.636
4.636
4.636
4.636
4.635
4.635
4.635
4.635
4.634
4.634
4.634
4.634
4.634
4.633
4.633
4.633
4.633
4.632
4.632
4.632
4.632
4.632
4.631
4.631
4.631
4.631
4.63
4.63
4.63
4.63
4.629
4.629
4.629
4.629
4.629
4.628
4.628
4.628
4.628
4.627
4.627
4.627
4.627
4.627
4.626
4.626
4.626
4.626
4.625
4.625
4.625
4.625
4.624
4.624
4.624
4.624
4.624
4.623
4.623
4.623
4.623
4.622
4.622
4.622
4.622
4.622
4.621
4.621
4.621
4.621
4.62
4.62
4.62
4.62
4.62
4.619
4.619
4.619
4.619
4.618
4.618
4.618
4.618
4.618
4.617
4.617
4.617
4.617
4.616
4.616
4.616
4.616
4.615
4.615
4.615
4.615
4.615
4.614
4.614
4.614
4.614
4.613
4.613
4.613
4.613
4.613
4.612
4.612
4.612
4.612
4.611
4.611
4.611
4.611
4.611
4.61
4.61
4.61
4.61
4.609
4.609
4.609
4.609
4.609
4.608
4.608
4.608
4.608
4.607
4.607
4.607
4.607
4.607
4.606
4.606
4.606
4.606
4.605
4.605
4.605
4.605
4.605
4.604
4.604
4.604
4.604
4.604
4.603
4.603
4.603
4.603
4.602
4.602
4.602
4.602
4.602
4.601
4.601
4.601
4.601
4.6
4.6
4.6
4.6
4.6
4.599
4.599
4.599
4.599
4.598
4.598
4.598
4.598
4.598
4.597
4.597
4.597
4.597
4.596
4.596
4.596
4.596
4.596
4.595
4.595
4.595
4.595
4.595
4.594
4.594
4.594
4.594
4.593
4.593
4.593
4.593
4.593
4.592
4.592
4.592
4.592
4.591
4.591
4.591
4.591
4.591
4.59
4.59
4.59
4.59
4.59
4.589
4.589
4.589
4.589
4.588
4.588
4.588
4.588
4.588
4.587
4.587
4.587
4.587
4.587
4.586
4.586
4.586
4.586
4.585
4.585
4.585
4.585
4.585
4.584
4.584
4.584
4.584
4.584
4.583
4.583
4.583
4.583
4.582
4.582
4.582
4.582
4.582
4.581
4.581
4.581
4.581
4.58
4.58
4.58
4.58
4.58
4.579
4.579
4.579
4.579
4.579
4.578
4.578
4.578
4.578
4.578
4.577
4.577
4.577
4.577
4.576
4.576
4.576
4.576
4.576
4.575
4.575
4.575
4.575
4.575
4.574
4.574
4.574
4.574
4.573
4.573
4.573
4.573
4.573
4.572
4.572
4.572
4.572
4.572
4.571
4.571
4.571
4.571
4.57
4.57
4.57
4.57
4.57
4.569
4.569
4.569
4.569
4.569
4.568
4.568
4.568
4.568
4.568
4.567
4.567
4.567
4.567
4.566
4.566
4.566
4.566
4.566
4.565
4.565
4.565
4.565
4.565
4.564
4.564
4.564
4.564
4.564
4.563
4.563
4.563
4.563
4.563
4.562
4.562
4.562
4.562
4.561
4.561
4.561
4.561
4.561
4.56
4.56
4.56
4.56
4.56
4.559
4.559
4.559
4.559
4.559
4.558
4.558
4.558
4.558
4.557
4.557
4.557
4.557
4.557
4.556
4.556
4.556
4.556
4.556
4.555
4.555
4.555
4.555
4.555
4.554
4.554
4.554
4.554
4.554
4.553
4.553
4.553
4.553
4.553
4.552
4.552
4.552
4.552
4.551
4.551
4.551
4.551
4.551
4.55
4.55
4.55
4.55
4.55
4.549
4.549
4.549
4.549
4.549
4.548
4.548
4.548
4.548
4.548
4.547
4.547
4.547
4.547
4.547
4.546
4.546
4.546
4.546
4.546
4.545
4.545
4.545
4.545
4.544
4.544
4.544
4.544
4.544
4.543
4.543
4.543
4.543
4.543
4.542
4.542
4.542
4.542
4.542
4.541
4.541
4.541
4.541
4.541
4.54
4.54
4.54
4.54
4.54
4.539
4.539
4.539
4.539
4.539
4.538
4.538
4.538
4.538
4.538
4.537
4.537
4.537
4.537
4.537
4.536
4.536
4.536
4.536
4.536
4.535
4.535
4.535
4.535
4.535
4.534
4.534
4.534
4.534
4.534
4.533
4.533
4.533
4.533
4.533
4.532
4.532
4.532
4.532
4.532
4.531
4.531
4.531
4.531
4.53
4.53
4.53
4.53
4.53
4.529
4.529
4.529
4.529
4.529
4.528
4.528
4.528
4.528
4.528
4.527
4.527
4.527
4.527
4.527
4.526
4.526
4.526
4.526
4.526
4.525
4.525
4.525
4.525
4.525
4.524
4.524
4.524
4.524
4.524
4.523
4.523
4.523
4.523
4.523
4.522
4.522
4.522
4.522
4.522
4.521
4.521
4.521
4.521
4.521
4.52
4.52
4.52
4.52
4.52
4.52
4.519
4.519
4.519
4.519
4.519
4.518
4.518
4.518
4.518
4.518
4.517
4.517
4.517
4.517
4.517
4.516
4.516
4.516
4.516
4.515
4.515
4.514
4.514
4.514
4.513
4.513
4.512
4.512
4.512
4.511
4.511
4.511
4.51
4.51
4.509
4.509
4.509
4.508
4.508
4.507
4.507
4.507
4.506
4.506
4.505
4.505
4.505
4.504
4.504
4.503
4.503
4.503
4.502
4.502
4.501
4.501
4.501
4.5
4.5
4.499
4.499
4.499
4.498
4.498
4.498
4.497
4.497
4.496
4.496
4.496
4.495
4.495
4.494
4.494
4.494
4.493
4.493
4.492
4.492
4.492
4.491
4.491
4.49
4.49
4.49
4.489
4.489
4.489
4.488
4.488
4.487
4.487
4.487
4.486
4.486
4.485
4.485
4.485
4.484
4.484
4.483
4.483
4.483
4.482
4.482
4.482
4.481
4.481
4.48
4.48
4.48
4.479
4.479
4.478
4.478
4.478
4.477
4.477
4.477
4.476
4.476
4.475
4.475
4.475
4.474
4.474
4.473
4.473
4.473
4.472
4.472
4.472
4.471
4.471
4.47
4.47
4.47
4.469
4.469
4.468
4.468
4.468
4.467
4.467
4.467
4.466
4.466
4.465
4.465
4.465
4.464
4.464
4.463
4.463
4.463
4.462
4.462
4.462
4.461
4.461
4.46
4.46
4.46
4.459
4.459
4.459
4.458
4.458
4.457
4.457
4.457
4.456
4.456
4.455
4.455
4.455
4.454
4.454
4.454
4.453
4.453
4.452
4.452
4.452
4.451
4.451
4.451
4.45
4.45
4.449
4.449
4.449
4.448
4.448
4.448
4.447
4.447
4.446
4.446
4.446
4.445
4.445
4.445
4.444
4.444
4.443
4.443
4.443
4.442
4.442
4.442
4.441
4.441
4.44
4.44
4.44
4.439
4.439
4.439
4.438
4.438
4.437
4.437
4.437
4.436
4.436
4.436
4.435
4.435
4.434
4.434
4.434
4.433
4.433
4.433
4.432
4.432
4.431
4.431
4.431
4.43
4.43
4.43
4.429
4.429
4.428
4.428
4.428
4.427
4.427
4.427
4.426
4.426
4.425
4.425
4.425
4.424
4.424
4.424
4.423
4.423
4.422
4.422
4.422
4.421
4.421
4.421
4.42
4.42
4.42
4.419
4.419
4.418
4.418
4.418
4.417
4.417
4.417
4.416
4.416
4.415
4.415
4.415
4.414
4.414
4.414
4.413
4.413
4.413
4.412
4.412
4.411
4.411
4.411
4.41
4.41
4.41
4.409
4.409
4.409
4.408
4.408
4.407
4.407
4.407
4.406
4.406
4.406
4.405
4.405
4.404
4.404
4.404
4.403
4.403
4.403
4.402
4.402
4.402
4.401
4.401
4.4
4.4
4.4
4.399
4.399
4.399
4.398
4.398
4.398
4.397
4.397
4.396
4.396
4.396
4.395
4.395
4.395
4.394
4.394
4.394
4.393
4.393
4.392
4.392
4.392
4.391
4.391
4.391
4.39
4.39
4.39
4.389
4.389
4.388
4.388
4.388
4.387
4.387
4.387
4.386
4.386
4.386
4.385
4.385
4.385
4.384
4.384
4.383
4.383
4.383
4.382
4.382
4.382
4.381
4.381
4.381
4.38
4.38
4.38
4.379
4.379
4.378
4.378
4.378
4.377
4.377
4.377
4.376
4.376
4.376
4.375
4.375
4.374
4.374
4.374
4.373
4.373
4.373
4.372
4.372
4.372
4.371
4.371
4.371
4.37
4.37
4.37
4.369
4.369
4.368
4.368
4.368
4.367
4.367
4.367
4.366
4.366
4.366
4.365
4.365
4.365
4.364
4.364
4.363
4.363
4.363
4.362
4.362
4.362
4.361
4.361
4.361
4.36
4.36
4.36
4.359
4.359
4.359
4.358
4.358
4.357
4.357
4.357
4.356
4.356
4.356
4.355
4.355
4.355
4.354
4.354
4.354
4.353
4.353
4.353
4.352
4.352
4.351
4.351
4.351
4.35
4.35
4.35
4.349
4.349
4.349
4.348
4.348
4.348
4.347
4.347
4.347
4.346
4.346
4.346
4.345
4.345
4.344
4.344
4.344
4.343
4.343
4.343
4.342
4.342
4.342
4.341
4.341
4.341
4.34
4.34
4.34
4.339
4.339
4.339
4.338
4.338
4.338
4.337
4.337
4.336
4.336
4.336
4.335
4.335
4.335
4.334
4.334
4.334
4.333
4.333
4.333
4.332
4.332
4.332
4.331
4.331
4.331
4.33
4.33
4.33
4.329
4.329
4.329
4.328
4.328
4.327
4.327
4.327
4.326
4.326
4.326
4.325
4.325
4.325
4.324
4.324
4.324
4.323
4.323
4.323
4.322
4.322
4.322
4.321
4.321
4.321
4.32
4.32
4.32
4.319
4.319
4.319
4.318
4.318
4.318
4.317
4.317
4.317
4.316
4.316
4.315
4.315
4.315
4.314
4.314
4.314
4.313
4.313
4.313
4.312
4.312
4.312
4.311
4.311
4.311
4.31
4.31
4.31
4.309
4.309
4.309
4.308
4.308
4.308
4.307
4.307
4.307
4.306
4.306
4.306
4.305
4.305
4.305
4.304
4.304
4.304
4.303
4.303
4.303
4.302
4.302
4.302
4.301
4.301
4.301
4.3
4.3
4.3
4.299
4.299
4.299
4.298
4.298
4.298
4.297
4.297
4.297
4.296
4.296
4.295
4.295
4.295
4.294
4.294
4.294
4.293
4.293
4.293
4.292
4.292
4.292
4.291
4.291
4.291
4.29
4.29
4.29
4.289
4.289
4.289
4.288
4.288
4.288
4.287
4.287
4.287
4.286
4.286
4.286
4.285
4.285
4.285
4.284
4.284
4.284
4.283
4.283
4.283
4.282
4.282
4.282
4.281
4.281
4.281
4.28
4.28
4.28
4.279
4.279
4.279
4.278
4.278
4.278
4.277
4.277
4.277
4.276
4.276
4.276
4.275
4.275
4.275
4.274
4.274
4.274
4.273
4.273
4.273
4.273
4.272
4.272
4.272
4.271
4.271
4.271
4.27
4.27
4.27
4.269
4.269
4.269
4.268
4.268
4.268
4.267
4.267
4.267
4.266
4.266
4.266
4.265
4.265
4.265
4.264
4.264
4.264
4.263
4.263
4.263
4.262
4.262
4.262
4.261
4.261
4.261
4.26
4.26
4.26
4.259
4.259
4.259
4.258
4.258
4.258
4.257
4.257
4.257
4.256
4.256
4.256
4.255
4.255
4.255
4.254
4.254
4.254
4.253
4.253
4.253
4.253
4.252
4.252
4.252
4.251
4.251
4.251
4.25
4.25
4.25
4.249
4.249
4.249
4.248
4.248
4.248
4.247
4.247
4.247
4.246
4.246
4.246
4.245
4.245
4.245
4.244
4.244
4.244
4.243
4.243
4.243
4.242
4.242
4.242
4.242
4.241
4.241
4.241
4.24
4.24
4.24
4.239
4.239
4.239
4.238
4.238
4.238
4.237
4.237
4.237
4.236
4.236
4.236
4.235
4.235
4.235
4.234
4.234
4.234
4.233
4.233
4.233
4.233
4.232
4.232
4.232
4.231
4.231
4.231
4.23
4.23
4.23
4.229
4.229
4.229
4.228
4.228
4.228
4.227
4.227
4.227
4.226
4.226
4.226
4.225
4.225
4.225
4.225
4.224
4.224
4.224
4.223
4.223
4.223
4.222
4.222
4.222
4.221
4.221
4.221
4.22
4.22
4.22
4.219
4.219
4.219
4.219
4.218
4.218
4.218
4.217
4.217
4.217
4.216
4.216
4.216
4.215
4.215
4.215
4.214
4.214
4.214
4.213
4.213
4.213
4.213
4.212
4.212
4.212
4.211
4.211
4.211
4.21
4.21
4.21
4.209
4.209
4.209
4.208
4.208
4.208
4.207
4.207
4.207
4.207
4.206
4.206
4.206
4.205
4.205
4.205
4.204
4.204
4.204
4.203
4.203
4.203
4.202
4.202
4.202
4.202
4.201
4.201
4.201
4.2
4.2
4.2
4.199
4.199
4.199
4.198
4.198
4.198
4.197
4.197
4.197
4.197
4.196
4.196
4.196
4.195
4.195
4.195
4.194
4.194
4.194
4.193
4.193
4.193
4.192
4.192
4.192
4.192
4.191
4.191
4.191
4.19
4.19
4.19
4.189
4.189
4.189
4.188
4.188
4.188
4.188
4.187
4.187
4.187
4.186
4.186
4.186
4.185
4.185
4.185
4.184
4.184
4.184
4.184
4.183
4.183
4.183
4.182
4.182
4.182
4.181
4.181
4.181
4.18
4.18
4.18
4.18
4.179
4.179
4.179
4.178
4.178
4.178
4.177
4.177
4.177
4.176
4.176
4.176
4.176
4.175
4.175
4.175
4.174
4.174
4.174
4.173
4.173
4.173
4.172
4.172
4.172
4.172
4.171
4.171
4.171
4.17
4.17
4.17
4.169
4.169
4.169
4.169
4.168
4.168
4.168
4.167
4.167
4.167
4.166
4.166
4.166
4.165
4.165
4.165
4.165
4.164
4.164
4.164
4.163
4.163
4.163
4.162
4.162
4.162
4.162
4.161
4.161
4.161
4.16
4.16
4.16
4.159
4.159
4.159
4.159
4.158
4.158
4.158
4.157
4.157
4.157
4.156
4.156
4.156
4.156
4.155
4.155
4.155
4.154
4.154
4.154
4.153
4.153
4.153
4.153
4.152
4.152
4.152
4.151
4.151
4.151
4.15
4.15
4.15
4.15
4.149
4.149
4.149
4.148
4.148
4.148
4.147
4.147
4.147
4.147
4.146
4.146
4.146
4.145
4.145
4.145
4.144
4.144
4.144
4.144
4.143
4.143
4.143
4.142
4.142
4.142
4.141
4.141
4.141
4.141
4.14
4.14
4.14
4.139
4.139
4.139
4.138
4.138
4.138
4.138
4.137
4.137
4.137
4.136
4.136
4.136
4.136
4.135
4.135
4.135
4.134
4.134
4.134
4.133
4.133
4.133
4.133
4.132
4.132
4.132
4.131
4.131
4.131
4.13
4.13
4.13
4.13
4.129
4.129
4.129
4.128
4.128
4.128
4.128
4.127
4.127
4.127
4.126
4.126
4.126
4.125
4.125
4.125
4.125
4.124
4.124
4.124
4.123
4.123
4.123
4.123
4.122
4.122
4.122
4.121
4.121
4.121
4.12
4.12
4.12
4.12
4.119
4.119
4.119
4.118
4.118
4.118
4.118
4.117
4.117
4.117
4.116
4.116
4.116
4.116
4.115
4.115
4.115
4.114
4.114
4.114
4.113
4.113
4.113
4.113
4.112
4.112
4.112
4.111
4.111
4.111
4.111
4.11
4.11
4.11
4.109
4.109
4.109
4.109
4.108
4.108
4.108
4.107
4.107
4.107
4.107
4.106
4.106
4.106
4.105
4.105
4.105
4.104
4.104
4.104
4.104
4.103
4.103
4.103
4.102
4.102
4.102
4.102
4.101
4.101
4.101
4.1
4.1
4.1
4.1
4.099
4.099
4.099
4.098
4.098
4.098
4.098
4.097
4.097
4.097
4.096
4.096
4.096
4.096
4.095
4.095
4.095
4.094
4.094
4.094
4.094
4.093
4.093
4.093
4.092
4.092
4.092
4.092
4.091
4.091
4.091
4.09
4.09
4.09
4.09
4.089
4.089
4.089
4.088
4.088
4.088
4.088
4.087
4.087
4.087
4.086
4.086
4.086
4.086
4.085
4.085
4.085
4.084
4.084
4.084
4.084
4.083
4.083
4.083
4.082
4.082
4.082
4.082
4.081
4.081
4.081
4.08
4.08
4.08
4.08
4.079
4.079
4.079
4.078
4.078
4.078
4.078
4.077
4.077
4.077
4.076
4.076
4.076
4.076
4.075
4.075
4.075
4.074
4.074
4.074
4.074
4.073
4.073
4.073
4.073
4.072
4.072
4.072
4.071
4.071
4.071
4.071
4.07
4.07
4.07
4.069
4.069
4.069
4.069
4.068
4.068
4.068
4.067
4.067
4.067
4.067
4.066
4.066
4.066
4.066
4.065
4.065
4.065
4.064
4.064
4.064
4.064
4.063
4.063
4.063
4.062
4.062
4.062
4.062
4.061
4.061
4.061
4.06
4.06
4.06
4.06
4.059
4.059
4.059
4.059
4.058
4.058
4.058
4.057
4.057
4.057
4.057
4.056
4.056
4.056
4.055
4.055
4.055
4.055
4.054
4.054
4.054
4.054
4.053
4.053
4.053
4.052
4.052
4.052
4.052
4.051
4.051
4.051
4.05
4.05
4.05
4.05
4.049
4.049
4.049
4.049
4.048
4.048
4.048
4.047
4.047
4.047
4.047
4.046
4.046
4.046
4.046
4.045
4.045
4.045
4.044
4.044
4.044
4.044
4.043
4.043
4.043
4.042
4.042
4.042
4.042
4.041
4.041
4.041
4.041
4.04
4.04
4.04
4.039
4.039
4.039
4.039
4.038
4.038
4.038
4.038
4.037
4.037
4.037
4.036
4.036
4.036
4.036
4.035
4.035
4.035
4.035
4.034
4.034
4.034
4.033
4.033
4.032
4.032
4.032
4.031
4.031
4.03
4.03
4.029
4.029
4.029
4.028
4.028
4.027
4.027
4.027
4.026
4.026
4.025
4.025
4.024
4.024
4.024
4.023
4.023
4.022
4.022
4.022
4.021
4.021
4.02
4.02
4.02
4.019
4.019
4.018
4.018
4.017
4.017
4.017
4.016
4.016
4.015
4.015
4.015
4.014
4.014
4.013
4.013
4.012
4.012
4.012
4.011
4.011
4.01
4.01
4.01
4.009
4.009
4.008
4.008
4.008
4.007
4.007
4.006
4.006
4.006
4.005
4.005
4.004
4.004
4.003
4.003
4.003
4.002
4.002
4.001
4.001
4.001
4.0
4.0
3.999
3.999
3.999
3.998
3.998
3.997
3.997
3.997
3.996
3.996
3.995
3.995
3.994
3.994
3.994
3.993
3.993
3.992
3.992
3.992
3.991
3.991
3.99
3.99
3.99
3.989
3.989
3.988
3.988
3.988
3.987
3.987
3.986
3.986
3.986
3.985
3.985
3.984
3.984
3.983
3.983
3.983
3.982
3.982
3.981
3.981
3.981
3.98
3.98
3.979
3.979
3.979
3.978
3.978
3.977
3.977
3.977
3.976
3.976
3.975
3.975
3.975
3.974
3.974
3.973
3.973
3.973
3.972
3.972
3.971
3.971
3.971
3.97
3.97
3.969
3.969
3.969
3.968
3.968
3.967
3.967
3.967
3.966
3.966
3.965
3.965
3.965
3.964
3.964
3.963
3.963
3.963
3.962
3.962
3.961
3.961
3.961
3.96
3.96
3.959
3.959
3.959
3.958
3.958
3.957
3.957
3.957
3.956
3.956
3.955
3.955
3.955
3.954
3.954
3.953
3.953
3.953
3.952
3.952
3.951
3.951
3.951
3.95
3.95
3.949
3.949
3.949
3.948
3.948
3.947
3.947
3.947
3.946
3.946
3.946
3.945
3.945
3.944
3.944
3.944
3.943
3.943
3.942
3.942
3.942
3.941
3.941
3.94
3.94
3.94
3.939
3.939
3.938
3.938
3.938
3.937
3.937
3.936
3.936
3.936
3.935
3.935
3.934
3.934
3.934
3.933
3.933
3.933
3.932
3.932
3.931
3.931
3.931
3.93
3.93
3.929
3.929
3.929
3.928
3.928
3.927
3.927
3.927
3.926
3.926
3.925
3.925
3.925
3.924
3.924
3.924
3.923
3.923
3.922
3.922
3.922
3.921
3.921
3.92
3.92
3.92
3.919
3.919
3.918
3.918
3.918
3.917
3.917
3.917
3.916
3.916
3.915
3.915
3.915
3.914
3.914
3.913
3.913
3.913
3.912
3.912
3.912
3.911
3.911
3.91
3.91
3.91
3.909
3.909
3.908
3.908
3.908
3.907
3.907
3.907
3.906
3.906
3.905
3.905
3.905
3.904
3.904
3.903
3.903
3.903
3.902
3.902
3.902
3.901
3.901
3.9
3.9
3.9
3.899
3.899
3.898
3.898
3.898
3.897
3.897
3.897
3.896
3.896
3.895
3.895
3.895
3.894
3.894
3.893
3.893
3.893
3.892
3.892
3.892
3.891
3.891
3.89
3.89
3.89
3.889
3.889
3.888
3.888
3.888
3.887
3.887
3.887
3.886
3.886
3.885
3.885
3.885
3.884
3.884
3.884
3.883
3.883
3.882
3.882
3.882
3.881
3.881
3.881
3.88
3.88
3.879
3.879
3.879
3.878
3.878
3.877
3.877
3.877
3.876
3.876
3.876
3.875
3.875
3.874
3.874
3.874
3.873
3.873
3.873
3.872
3.872
3.871
3.871
3.871
3.87
3.87
3.87
3.869
3.869
3.868
3.868
3.868
3.867
3.867
3.867
3.866
3.866
3.865
3.865
3.865
3.864
3.864
3.864
3.863
3.863
3.862
3.862
3.862
3.861
3.861
3.861
3.86
3.86
3.859
3.859
3.859
3.858
3.858
3.858
3.857
3.857
3.856
3.856
3.856
3.855
3.855
3.855
3.854
3.854
3.853
3.853
3.853
3.852
3.852
3.852
3.851
3.851
3.851
3.85
3.85
3.849
3.849
3.849
3.848
3.848
3.848
3.847
3.847
3.846
3.846
3.846
3.845
3.845
3.845
3.844
3.844
3.843
3.843
3.843
3.842
3.842
3.842
3.841
3.841
3.841
3.84
3.84
3.839
3.839
3.839
3.838
3.838
3.838
3.837
3.837
3.836
3.836
3.836
3.835
3.835
3.835
3.834
3.834
3.834
3.833
3.833
3.832
3.832
3.832
3.831
3.831
3.831
3.83
3.83
3.829
3.829
3.829
3.828
3.828
3.828
3.827
3.827
3.827
3.826
3.826
3.825
3.825
3.825
3.824
3.824
3.824
3.823
3.823
3.823
3.822
3.822
3.821
3.821
3.821
3.82
3.82
3.82
3.819
3.819
3.819
3.818
3.818
3.817
3.817
3.817
3.816
3.816
3.816
3.815
3.815
3.815
3.814
3.814
3.813
3.813
3.813
3.812
3.812
3.812
3.811
3.811
3.811
3.81
3.81
3.809
3.809
3.809
3.808
3.808
3.808
3.807
3.807
3.807
3.806
3.806
3.805
3.805
3.805
3.804
3.804
3.804
3.803
3.803
3.803
3.802
3.802
3.802
3.801
3.801
3.8
3.8
3.8
3.799
3.799
3.799
3.798
3.798
3.798
3.797
3.797
3.796
3.796
3.796
3.795
3.795
3.795
3.794
3.794
3.794
3.793
3.793
3.793
3.792
3.792
3.791
3.791
3.791
3.79
3.79
3.79
3.789
3.789
3.789
3.788
3.788
3.788
3.787
3.787
3.786
3.786
3.786
3.785
3.785
3.785
3.784
3.784
3.784
3.783
3.783
3.783
3.782
3.782
3.782
3.781
3.781
3.78
3.78
3.78
3.779
3.779
3.779
3.778
3.778
3.778
3.777
3.777
3.777
3.776
3.776
3.775
3.775
3.775
3.774
3.774
3.774
3.773
3.773
3.773
3.772
3.772
3.772
3.771
3.771
3.771
3.77
3.77
3.769
3.769
3.769
3.768
3.768
3.768
3.767
3.767
3.767
3.766
3.766
3.766
3.765
3.765
3.765
3.764
3.764
3.764
3.763
3.763
3.762
3.762
3.762
3.761
3.761
3.761
3.76
3.76
3.76
3.759
3.759
3.759
3.758
3.758
3.758
3.757
3.757
3.757
3.756
3.756
3.755
3.755
3.755
3.754
3.754
3.754
3.753
3.753
3.753
3.752
3.752
3.752
3.751
3.751
3.751
3.75
3.75
3.75
3.749
3.749
3.748
3.748
3.748
3.747
3.747
3.747
3.746
3.746
3.746
3.745
3.745
3.745
3.744
3.744
3.744
3.743
3.743
3.743
3.742
3.742
3.742
3.741
3.741
3.741
3.74
3.74
3.739
3.739
3.739
3.738
3.738
3.738
3.737
3.737
3.737
3.736
3.736
3.736
3.735
3.735
3.735
3.734
3.734
3.734
3.733
3.733
3.733
3.732
3.732
3.732
3.731
3.731
3.731
3.73
3.73
3.73
3.729
3.729
3.728
3.728
3.728
3.727
3.727
3.727
3.726
3.726
3.726
3.725
3.725
3.725
3.724
3.724
3.724
3.723
3.723
3.723
3.722
3.722
3.722
3.721
3.721
3.721
3.72
3.72
3.72
3.719
3.719
3.719
3.718
3.718
3.718
3.717
3.717
3.717
3.716
3.716
3.716
3.715
3.715
3.715
3.714
3.714
3.713
3.713
3.713
3.712
3.712
3.712
3.711
3.711
3.711
3.71
3.71
3.71
3.709
3.709
3.709
3.708
3.708
3.708
3.707
3.707
3.707
3.706
3.706
3.706
3.705
3.705
3.705
3.704
3.704
3.704
3.703
3.703
3.703
3.702
3.702
3.702
3.701
3.701
3.701
3.7
3.7
3.7
3.699
3.699
3.699
3.698
3.698
3.698
3.697
3.697
3.697
3.696
3.696
3.696
3.695
3.695
3.695
3.694
3.694
3.694
3.693
3.693
3.693
3.692
3.692
3.692
3.691
3.691
3.691
3.69
3.69
3.69
3.689
3.689
3.689
3.688
3.688
3.688
3.687
3.687
3.687
3.686
3.686
3.686
3.685
3.685
3.685
3.684
3.684
3.684
3.683
3.683
3.683
3.682
3.682
3.682
3.681
3.681
3.681
3.68
3.68
3.68
3.679
3.679
3.679
3.678
3.678
3.678
3.677
3.677
3.677
3.676
3.676
3.676
3.675
3.675
3.675
3.674
3.674
3.674
3.673
3.673
3.673
3.672
3.672
3.672
3.671
3.671
3.671
3.67
3.67
3.67
3.669
3.669
3.669
3.668
3.668
3.668
3.667
3.667
3.667
3.666
3.666
3.666
3.665
3.665
3.665
3.664
3.664
3.664
3.663
3.663
3.663
3.662
3.662
3.662
3.662
3.661
3.661
3.661
3.66
3.66
3.66
3.659
3.659
3.659
3.658
3.658
3.658
3.657
3.657
3.657
3.656
3.656
3.656
3.655
3.655
3.655
3.654
3.654
3.654
3.653
3.653
3.653
3.652
3.652
3.652
3.651
3.651
3.651
3.65
3.65
3.65
3.649
3.649
3.649
3.648
3.648
3.648
3.648
3.647
3.647
3.647
3.646
3.646
3.646
3.645
3.645
3.645
3.644
3.644
3.644
3.643
3.643
3.643
3.642
3.642
3.642
3.641
3.641
3.641
3.64
3.64
3.64
3.639
3.639
3.639
3.638
3.638
3.638
3.637
3.637
3.637
3.637
3.636
3.636
3.636
3.635
3.635
3.635
3.634
3.634
3.634
3.633
3.633
3.633
3.632
3.632
3.632
3.631
3.631
3.631
3.63
3.63
3.63
3.629
3.629
3.629
3.628
3.628
3.628
3.628
3.627
3.627
3.627
3.626
3.626
3.626
3.625
3.625
3.625
3.624
3.624
3.624
3.623
3.623
3.623
3.622
3.622
3.622
3.621
3.621
3.621
3.621
3.62
3.62
3.62
3.619
3.619
3.619
3.618
3.618
3.618
3.617
3.617
3.617
3.616
3.616
3.616
3.615
3.615
3.615
3.614
3.614
3.614
3.614
3.613
3.613
3.613
3.612
3.612
3.612
3.611
3.611
3.611
3.61
3.61
3.61
3.609
3.609
3.609
3.608
3.608
3.608
3.608
3.607
3.607
3.607
3.606
3.606
3.606
3.605
3.605
3.605
3.604
3.604
3.604
3.603
3.603
3.603
3.602
3.602
3.602
3.602
3.601
3.601
3.601
3.6
3.6
3.6
3.599
3.599
3.599
3.598
3.598
3.598
3.597
3.597
3.597
3.597
3.596
3.596
3.596
3.595
3.595
3.595
3.594
3.594
3.594
3.593
3.593
3.593
3.592
3.592
3.592
3.592
3.591
3.591
3.591
3.59
3.59
3.59
3.589
3.589
3.589
3.588
3.588
3.588
3.587
3.587
3.587
3.587
3.586
3.586
3.586
3.585
3.585
3.585
3.584
3.584
3.584
3.583
3.583
3.583
3.583
3.582
3.582
3.582
3.581
3.581
3.581
3.58
3.58
3.58
3.579
3.579
3.579
3.579
3.578
3.578
3.578
3.577
3.577
3.577
3.576
3.576
3.576
3.575
3.575
3.575
3.574
3.574
3.574
3.574
3.573
3.573
3.573
3.572
3.572
3.572
3.571
3.571
3.571
3.57
3.57
3.57
3.57
3.569
3.569
3.569
3.568
3.568
3.568
3.567
3.567
3.567
3.567
3.566
3.566
3.566
3.565
3.565
3.565
3.564
3.564
3.564
3.563
3.563
3.563
3.563
3.562
3.562
3.562
3.561
3.561
3.561
3.56
3.56
3.56
3.559
3.559
3.559
3.559
3.558
3.558
3.558
3.557
3.557
3.557
3.556
3.556
3.556
3.556
3.555
3.555
3.555
3.554
3.554
3.554
3.553
3.553
3.553
3.552
3.552
3.552
3.552
3.551
3.551
3.551
3.55
3.55
3.55
3.549
3.549
3.549
3.549
3.548
3.548
3.548
3.547
3.547
3.547
3.546
3.546
3.546
3.546
3.545
3.545
3.545
3.544
3.544
3.544
3.543
3.543
3.543
3.543
3.542
3.542
3.542
3.541
3.541
3.541
3.54
3.54
3.54
3.539
3.539
3.539
3.539
3.538
3.538
3.538
3.537
3.537
3.537
3.536
3.536
3.536
3.536
3.535
3.535
3.535
3.534
3.534
3.534
3.533
3.533
3.533
3.533
3.532
3.532
3.532
3.531
3.531
3.531
3.531
3.53
3.53
3.53
3.529
3.529
3.529
3.528
3.528
3.528
3.528
3.527
3.527
3.527
3.526
3.526
3.526
3.525
3.525
3.525
3.525
3.524
3.524
3.524
3.523
3.523
3.523
3.522
3.522
3.522
3.522
3.521
3.521
3.521
3.52
3.52
3.52
3.519
3.519
3.519
3.519
3.518
3.518
3.518
3.517
3.517
3.517
3.517
3.516
3.516
3.516
3.515
3.515
3.515
3.514
3.514
3.514
3.514
3.513
3.513
3.513
3.512
3.512
3.512
3.512
3.511
3.511
3.511
3.51
3.51
3.51
3.509
3.509
3.509
3.509
3.508
3.508
3.508
3.507
3.507
3.507
3.507
3.506
3.506
3.506
3.505
3.505
3.505
3.504
3.504
3.504
3.504
3.503
3.503
3.503
3.502
3.502
3.502
3.502
3.501
3.501
3.501
3.5
3.5
3.5
3.499
3.499
3.499
3.499
3.498
3.498
3.498
3.497
3.497
3.497
3.497
3.496
3.496
3.496
3.495
3.495
3.495
3.495
3.494
3.494
3.494
3.493
3.493
3.493
3.492
3.492
3.492
3.492
3.491
3.491
3.491
3.49
3.49
3.49
3.49
3.489
3.489
3.489
3.488
3.488
3.488
3.488
3.487
3.487
3.487
3.486
3.486
3.486
3.486
3.485
3.485
3.485
3.484
3.484
3.484
3.484
3.483
3.483
3.483
3.482
3.482
3.482
3.481
3.481
3.481
3.481
3.48
3.48
3.48
3.479
3.479
3.479
3.479
3.478
3.478
3.478
3.477
3.477
3.477
3.477
3.476
3.476
3.476
3.475
3.475
3.475
3.475
3.474
3.474
3.474
3.473
3.473
3.473
3.473
3.472
3.472
3.472
3.471
3.471
3.471
3.471
3.47
3.47
3.47
3.469
3.469
3.469
3.469
3.468
3.468
3.468
3.467
3.467
3.467
3.467
3.466
3.466
3.466
3.465
3.465
3.465
3.465
3.464
3.464
3.464
3.463
3.463
3.463
3.463
3.462
3.462
3.462
3.461
3.461
3.461
3.461
3.46
3.46
3.46
3.459
3.459
3.459
3.459
3.458
3.458
3.458
3.457
3.457
3.457
3.457
3.456
3.456
3.456
3.456
3.455
3.455
3.455
3.454
3.454
3.454
3.454
3.453
3.453
3.453
3.452
3.452
3.452
3.452
3.451
3.451
3.451
3.45
3.45
3.45
3.45
3.449
3.449
3.449
3.448
3.448
3.448
3.448
3.447
3.447
3.447
3.446
3.446
3.446
3.446
3.445
3.445
3.445
3.445
3.444
3.444
3.444
3.443
3.443
3.443
3.443
3.442
3.442
3.442
3.441
3.441
3.441
3.441
3.44
3.44
3.44
3.439
3.439
3.439
3.439
3.438
3.438
3.438
3.438
3.437
3.437
3.437
3.436
3.436
3.436
3.436
3.435
3.435
3.435
3.434
3.434
3.434
3.434
3.433
3.433
3.433
3.432
3.432
3.432
3.432
3.431
3.431
3.431
3.431
3.43
3.43
3.43
3.429
3.429
3.429
3.429
3.428
3.428
3.428
3.427
3.427
3.427
3.427
3.426
3.426
3.426
3.426
3.425
3.425
3.425
3.424
3.424
3.424
3.424
3.423
3.423
3.423
3.423
3.422
3.422
3.422
3.421
3.421
3.421
3.421
3.42
3.42
3.42
3.419
3.419
3.419
3.419
3.418
3.418
3.418
3.418
3.417
3.417
3.417
3.416
3.416
3.416
3.416
3.415
3.415
3.415
3.415
3.414
3.414
3.414
3.413
3.413
3.413
3.413
3.412
3.412
3.412
3.412
3.411
3.411
3.411
3.41
3.41
3.41
3.41
3.409
3.409
3.409
3.409
3.408
3.408
3.408
3.407
3.407
3.407
3.407
3.406
3.406
3.406
3.405
3.405
3.405
3.405
3.404
3.404
3.404
3.404
3.403
3.403
3.403
3.402
3.402
3.402
3.402
3.401
3.401
3.401
3.401
3.4
3.4
3.4
3.4
3.399
3.399
3.399
3.398
3.398
3.398
3.398
3.397
3.397
3.397
3.397
3.396
3.396
3.396
3.395
3.395
3.395
3.395
3.394
3.394
3.394
3.393
3.393
3.393
3.392
3.392
3.392
3.391
3.391
3.391
3.39
3.39
3.389
3.389
3.389
3.388
3.388
3.388
3.387
3.387
3.386
3.386
3.386
3.385
3.385
3.385
3.384
3.384
3.383
3.383
3.383
3.382
3.382
3.382
3.381
3.381
3.381
3.38
3.38
3.379
3.379
3.379
3.378
3.378
3.378
3.377
3.377
3.377
3.376
3.376
3.375
3.375
3.375
3.374
3.374
3.374
3.373
3.373
3.372
3.372
3.372
3.371
3.371
3.371
3.37
3.37
3.37
3.369
3.369
3.368
3.368
3.368
3.367
3.367
3.367
3.366
3.366
3.366
3.365
3.365
3.364
3.364
3.364
3.363
3.363
3.363
3.362
3.362
3.362
3.361
3.361
3.36
3.36
3.36
3.359
3.359
3.359
3.358
3.358
3.358
3.357
3.357
3.356
3.356
3.356
3.355
3.355
3.355
3.354
3.354
3.354
3.353
3.353
3.353
3.352
3.352
3.351
3.351
3.351
3.35
3.35
3.35
3.349
3.349
3.349
3.348
3.348
3.347
3.347
3.347
3.346
3.346
3.346
3.345
3.345
3.345
3.344
3.344
3.343
3.343
3.343
3.342
3.342
3.342
3.341
3.341
3.341
3.34
3.34
3.34
3.339
3.339
3.338
3.338
3.338
3.337
3.337
3.337
3.336
3.336
3.336
3.335
3.335
3.335
3.334
3.334
3.333
3.333
3.333
3.332
3.332
3.332
3.331
3.331
3.331
3.33
3.33
3.33
3.329
3.329
3.328
3.328
3.328
3.327
3.327
3.327
3.326
3.326
3.326
3.325
3.325
3.325
3.324
3.324
3.324
3.323
3.323
3.322
3.322
3.322
3.321
3.321
3.321
3.32
3.32
3.32
3.319
3.319
3.319
3.318
3.318
3.317
3.317
3.317
3.316
3.316
3.316
3.315
3.315
3.315
3.314
3.314
3.314
3.313
3.313
3.313
3.312
3.312
3.312
3.311
3.311
3.31
3.31
3.31
3.309
3.309
3.309
3.308
3.308
3.308
3.307
3.307
3.307
3.306
3.306
3.306
3.305
3.305
3.304
3.304
3.304
3.303
3.303
3.303
3.302
3.302
3.302
3.301
3.301
3.301
3.3
3.3
3.3
3.299
3.299
3.299
3.298
3.298
3.297
3.297
3.297
3.296
3.296
3.296
3.295
3.295
3.295
3.294
3.294
3.294
3.293
3.293
3.293
3.292
3.292
3.292
3.291
3.291
3.291
3.29
3.29
3.289
3.289
3.289
3.288
3.288
3.288
3.287
3.287
3.287
3.286
3.286
3.286
3.285
3.285
3.285
3.284
3.284
3.284
3.283
3.283
3.283
3.282
3.282
3.282
3.281
3.281
3.28
3.28
3.28
3.279
3.279
3.279
3.278
3.278
3.278
3.277
3.277
3.277
3.276
3.276
3.276
3.275
3.275
3.275
3.274
3.274
3.274
3.273
3.273
3.273
3.272
3.272
3.272
3.271
3.271
3.271
3.27
3.27
3.269
3.269
3.269
3.268
3.268
3.268
3.267
3.267
3.267
3.266
3.266
3.266
3.265
3.265
3.265
3.264
3.264
3.264
3.263
3.263
3.263
3.262
3.262
3.262
3.261
3.261
3.261
3.26
3.26
3.26
3.259
3.259
3.259
3.258
3.258
3.258
3.257
3.257
3.257
3.256
3.256
3.256
3.255
3.255
3.254
3.254
3.254
3.253
3.253
3.253
3.252
3.252
3.252
3.251
3.251
3.251
3.25
3.25
3.25
3.249
3.249
3.249
3.248
3.248
3.248
3.247
3.247
3.247
3.246
3.246
3.246
3.245
3.245
3.245
3.244
3.244
3.244
3.243
3.243
3.243
3.242
3.242
3.242
3.241
3.241
3.241
3.24
3.24
3.24
3.239
3.239
3.239
3.238
3.238
3.238
3.237
3.237
3.237
3.236
3.236
3.236
3.235
3.235
3.235
3.234
3.234
3.234
3.233
3.233
3.233
3.232
3.232
3.232
3.231
3.231
3.231
3.23
3.23
3.23
3.229
3.229
3.229
3.228
3.228
3.228
3.227
3.227
3.227
3.226
3.226
3.226
3.225
3.225
3.225
3.224
3.224
3.224
3.223
3.223
3.223
3.222
3.222
3.222
3.221
3.221
3.221
3.22
3.22
3.22
3.219
3.219
3.219
3.218
3.218
3.218
3.217
3.217
3.217
3.216
3.216
3.216
3.215
3.215
3.215
3.214
3.214
3.214
3.213
3.213
3.213
3.212
3.212
3.212
3.211
3.211
3.211
3.21
3.21
3.21
3.209
3.209
3.209
3.208
3.208
3.208
3.207
3.207
3.207
3.206
3.206
3.206
3.205
3.205
3.205
3.204
3.204
3.204
3.203
3.203
3.203
3.202
3.202
3.202
3.201
3.201
3.201
3.2
3.2
3.2
3.2
3.199
3.199
3.199
3.198
3.198
3.198
3.197
3.197
3.197
3.196
3.196
3.196
3.195
3.195
3.195
3.194
3.194
3.194
3.193
3.193
3.193
3.192
3.192
3.192
3.191
3.191
3.191
3.19
3.19
3.19
3.189
3.189
3.189
3.188
3.188
3.188
3.187
3.187
3.187
3.186
3.186
3.186
3.185
3.185
3.185
3.185
3.184
3.184
3.184
3.183
3.183
3.183
3.182
3.182
3.182
3.181
3.181
3.181
3.18
3.18
3.18
3.179
3.179
3.179
3.178
3.178
3.178
3.177
3.177
3.177
3.176
3.176
3.176
3.175
3.175
3.175
3.175
3.174
3.174
3.174
3.173
3.173
3.173
3.172
3.172
3.172
3.171
3.171
3.171
3.17
3.17
3.17
3.169
3.169
3.169
3.168
3.168
3.168
3.167
3.167
3.167
3.166
3.166
3.166
3.166
3.165
3.165
3.165
3.164
3.164
3.164
3.163
3.163
3.163
3.162
3.162
3.162
3.161
3.161
3.161
3.16
3.16
3.16
3.159
3.159
3.159
3.158
3.158
3.158
3.158
3.157
3.157
3.157
3.156
3.156
3.156
3.155
3.155
3.155
3.154
3.154
3.154
3.153
3.153
3.153
3.152
3.152
3.152
3.152
3.151
3.151
3.151
3.15
3.15
3.15
3.149
3.149
3.149
3.148
3.148
3.148
3.147
3.147
3.147
3.146
3.146
3.146
3.145
3.145
3.145
3.145
3.144
3.144
3.144
3.143
3.143
3.143
3.142
3.142
3.142
3.141
3.141
3.141
3.14
3.14
3.14
3.14
3.139
3.139
3.139
3.138
3.138
3.138
3.137
3.137
3.137
3.136
3.136
3.136
3.135
3.135
3.135
3.134
3.134
3.134
3.134
3.133
3.133
3.133
3.132
3.132
3.132
3.131
3.131
3.131
3.13
3.13
3.13
3.129
3.129
3.129
3.129
3.128
3.128
3.128
3.127
3.127
3.127
3.126
3.126
3.126
3.125
3.125
3.125
3.124
3.124
3.124
3.124
3.123
3.123
3.123
3.122
3.122
3.122
3.121
3.121
3.121
3.12
3.12
3.12
3.12
3.119
3.119
3.119
3.118
3.118
3.118
3.117
3.117
3.117
3.116
3.116
3.116
3.115
3.115
3.115
3.115
3.114
3.114
3.114
3.113
3.113
3.113
3.112
3.112
3.112
3.111
3.111
3.111
3.111
3.11
3.11
3.11
3.109
3.109
3.109
3.108
3.108
3.108
3.107
3.107
3.107
3.107
3.106
3.106
3.106
3.105
3.105
3.105
3.104
3.104
3.104
3.103
3.103
3.103
3.103
3.102
3.102
3.102
3.101
3.101
3.101
3.1
3.1
3.1
3.099
3.099
3.099
3.099
3.098
3.098
3.098
3.097
3.097
3.097
3.096
3.096
3.096
3.095
3.095
3.095
3.095
3.094
3.094
3.094
3.093
3.093
3.093
3.092
3.092
3.092
3.092
3.091
3.091
3.091
3.09
3.09
3.09
3.089
3.089
3.089
3.088
3.088
3.088
3.088
3.087
3.087
3.087
3.086
3.086
3.086
3.085
3.085
3.085
3.085
3.084
3.084
3.084
3.083
3.083
3.083
3.082
3.082
3.082
3.082
3.081
3.081
3.081
3.08
3.08
3.08
3.079
3.079
3.079
3.079
3.078
3.078
3.078
3.077
3.077
3.077
3.076
3.076
3.076
3.075
3.075
3.075
3.075
3.074
3.074
3.074
3.073
3.073
3.073
3.072
3.072
3.072
3.072
3.071
3.071
3.071
3.07
3.07
3.07
3.069
3.069
3.069
3.069
3.068
3.068
3.068
3.067
3.067
3.067
3.066
3.066
3.066
3.066
3.065
3.065
3.065
3.064
3.064
3.064
3.063
3.063
3.063
3.063
3.062
3.062
3.062
3.061
3.061
3.061
3.061
3.06
3.06
3.06
3.059
3.059
3.059
3.058
3.058
3.058
3.058
3.057
3.057
3.057
3.056
3.056
3.056
3.055
3.055
3.055
3.055
3.054
3.054
3.054
3.053
3.053
3.053
3.052
3.052
3.052
3.052
3.051
3.051
3.051
3.05
3.05
3.05
3.05
3.049
3.049
3.049
3.048
3.048
3.048
3.047
3.047
3.047
3.047
3.046
3.046
3.046
3.045
3.045
3.045
3.044
3.044
3.044
3.044
3.043
3.043
3.043
3.042
3.042
3.042
3.042
3.041
3.041
3.041
3.04
3.04
3.04
3.039
3.039
3.039
3.039
3.038
3.038
3.038
3.037
3.037
3.037
3.037
3.036
3.036
3.036
3.035
3.035
3.035
3.035
3.034
3.034
3.034
3.033
3.033
3.033
3.032
3.032
3.032
3.032
3.031
3.031
3.031
3.03
3.03
3.03
3.03
3.029
3.029
3.029
3.028
3.028
3.028
3.027
3.027
3.027
3.027
3.026
3.026
3.026
3.025
3.025
3.025
3.025
3.024
3.024
3.024
3.023
3.023
3.023
3.023
3.022
3.022
3.022
3.021
3.021
3.021
3.021
3.02
3.02
3.02
3.019
3.019
3.019
3.018
3.018
3.018
3.018
3.017
3.017
3.017
3.016
3.016
3.016
3.016
3.015
3.015
3.015
3.014
3.014
3.014
3.014
3.013
3.013
3.013
3.012
3.012
3.012
3.012
3.011
3.011
3.011
3.01
3.01
3.01
3.01
3.009
3.009
3.009
3.008
3.008
3.008
3.008
3.007
3.007
3.007
3.006
3.006
3.006
3.006
3.005
3.005
3.005
3.004
3.004
3.004
3.004
3.003
3.003
3.003
3.002
3.002
3.002
3.002
3.001
3.001
3.001
3.0
3.0
3.0
3.0
2.999
2.999
2.999
2.998
2.998
2.998
2.998
2.997
2.997
2.997
2.996
2.996
2.996
2.996
2.995
2.995
2.995
2.994
2.994
2.994
2.994
2.993
2.993
2.993
2.992
2.992
2.992
2.992
2.991
2.991
2.991
2.99
2.99
2.99
2.99
2.989
2.989
2.989
2.988
2.988
2.988
2.988
2.987
2.987
2.987
2.986
2.986
2.986
2.986
2.985
2.985
2.985
2.984
2.984
2.984
2.984
2.983
2.983
2.983
2.982
2.982
2.982
2.982
2.981
2.981
2.981
2.98
2.98
2.98
2.98
2.979
2.979
2.979
2.979
2.978
2.978
2.978
2.977
2.977
2.977
2.977
2.976
2.976
2.976
2.975
2.975
2.975
2.975
2.974
2.974
2.974
2.973
2.973
2.973
2.973
2.972
2.972
2.972
2.972
2.971
2.971
2.971
2.97
2.97
2.97
2.97
2.969
2.969
2.969
2.968
2.968
2.968
2.968
2.967
2.967
2.967
2.966
2.966
2.966
2.966
2.965
2.965
2.965
2.965
2.964
2.964
2.964
2.963
2.963
2.963
2.963
2.962
2.962
2.962
2.961
2.961
2.961
2.961
2.96
2.96
2.96
2.96
2.959
2.959
2.959
2.958
2.958
2.958
2.958
2.957
2.957
2.957
2.956
2.956
2.956
2.956
2.955
2.955
2.955
2.955
2.954
2.954
2.954
2.953
2.953
2.953
2.953
2.952
2.952
2.952
2.951
2.951
2.951
2.951
2.95
2.95
2.95
2.95
2.949
2.949
2.949
2.948
2.948
2.948
2.948
2.947
2.947
2.947
2.947
2.946
2.946
2.946
2.945
2.945
2.945
2.945
2.944
2.944
2.944
2.943
2.943
2.943
2.943
2.942
2.942
2.942
2.942
2.941
2.941
2.941
2.94
2.94
2.94
2.94
2.939
2.939
2.939
2.939
2.938
2.938
2.938
2.937
2.937
2.937
2.937
2.936
2.936
2.936
2.936
2.935
2.935
2.935
2.934
2.934
2.934
2.934
2.933
2.933
2.933
2.933
2.932
2.932
2.932
2.931
2.931
2.931
2.931
2.93
2.93
2.93
2.93
2.929
2.929
2.929
2.928
2.928
2.928
2.928
2.927
2.927
2.927
2.927
2.926
2.926
2.926
2.925
2.925
2.925
2.925
2.924
2.924
2.924
2.924
2.923
2.923
2.923
2.923
2.922
2.922
2.922
2.921
2.921
2.921
2.921
2.92
2.92
2.92
2.92
2.919
2.919
2.919
2.918
2.918
2.918
2.918
2.917
2.917
2.917
2.917
2.916
2.916
2.916
2.915
2.915
2.915
2.915
2.914
2.914
2.914
2.914
2.913
2.913
2.913
2.913
2.912
2.912
2.912
2.911
2.911
2.911
2.911
2.91
2.91
2.91
2.91
2.909
2.909
2.909
2.909
2.908
2.908
2.908
2.907
2.907
2.907
2.907
2.906
2.906
2.906
2.906
2.905
2.905
2.905
2.905
2.904
2.904
2.904
2.903
2.903
2.903
2.903
2.902
2.902
2.902
2.902
2.901
2.901
2.901
2.901
2.9
2.9
2.9
2.899
2.899
2.899
2.899
2.898
2.898
2.898
2.898
2.897
2.897
2.897
2.897
2.896
2.896
2.896
2.895
2.895
2.895
2.895
2.894
2.894
2.894
2.894
2.893
2.893
2.893
2.893
2.892
2.892
2.892
2.891
2.891
2.891
2.891
2.89
2.89
2.89
2.89
2.889
2.889
2.889
2.889
2.888
2.888
2.888
2.888
2.887
2.887
2.887
2.886
2.886
2.886
2.886
2.885
2.885
2.885
2.885
2.884
2.884
2.884
2.884
2.883
2.883
2.883
2.883
2.882
2.882
2.882
2.881
2.881
2.881
2.881
2.88
2.88
2.88
2.88
2.879
2.879
2.879
2.879
2.878
2.878
2.878
2.878
2.877
2.877
2.877
2.876
2.876
2.876
2.876
2.875
2.875
2.875
2.875
2.874
2.874
2.874
2.874
2.873
2.873
2.873
2.873
2.872
2.872
2.872
2.872
2.871
2.871
2.871
2.87
2.87
2.87
2.87
2.869
2.869
2.869
2.869
2.868
2.868
2.868
2.868
2.867
2.867
2.867
2.867
2.866
2.866
2.866
2.866
2.865
2.865
2.865
2.865
2.864
2.864
2.864
2.863
2.863
2.863
2.863
2.862
2.862
2.862
2.862
2.861
2.861
2.861
2.861