0.000000000000000000e+00
4.000000000000000000e+01
8.000000000000000000e+01
1.250000000000000000e+02
1.750000000000000000e+02
2.250000000000000000e+02
2.750000000000000000e+02
3.250000000000000000e+02
3.750000000000000000e+02
4.250000000000000000e+02
4.750000000000000000e+02
5.250000000000000000e+02
5.750000000000000000e+02
6.250000000000000000e+02
6.750000000000000000e+02
7.250000000000000000e+02
7.750000000000000000e+02
8.250000000000000000e+02
8.750000000000000000e+02
9.250000000000000000e+02
9.750000000000000000e+02
1.025000000000000000e+03
1.075000000000000000e+03
1.125000000000000000e+03
1.175000000000000000e+03
1.225000000000000000e+03
1.275000000000000000e+03
1.325000000000000000e+03
1.375000000000000000e+03
1.425000000000000000e+03
1.475000000000000000e+03
1.525000000000000000e+03
1.575000000000000000e+03
1.625000000000000000e+03
1.675000000000000000e+03
1.725000000000000000e+03
1.775000000000000000e+03
1.825000000000000000e+03
1.875000000000000000e+03
1.925000000000000000e+03
1.975000000000000000e+03
2.025000000000000000e+03
2.125000000000000000e+03
2.225000000000000000e+03
2.325000000000000000e+03
2.425000000000000000e+03
2.525000000000000000e+03
2.725000000000000000e+03
2.925000000000000000e+03
3.125000000000000000e+03
3.525000000000000000e+03
3.925000000000000000e+03
4.325000000000000000e+03
4.800000000000000000e+03
5.100000000000000000e+03
5.400000000000000000e+03
5.700000000000000000e+03
6.000000000000000000e+03
6.300000000000000000e+03
6.600000000000000000e+03
6.900000000000000000e+03
7.200000000000000000e+03
7.500000000000000000e+03
7.800000000000000000e+03
8.100000000000000000e+03
8.400000000000000000e+03
8.700000000000000000e+03
9.000000000000000000e+03
9.300000000000000000e+03
9.600000000000000000e+03
9.900000000000000000e+03
1.020000000000000000e+04
1.050000000000000000e+04
1.080000000000000000e+04
1.110000000000000000e+04
1.140000000000000000e+04
1.170000000000000000e+04
1.200000000000000000e+04
1.230000000000000000e+04
1.260000000000000000e+04
1.290000000000000000e+04
1.320000000000000000e+04
1.350000000000000000e+04
1.380000000000000000e+04
1.410000000000000000e+04
1.440000000000000000e+04
1.470000000000000000e+04
1.500000000000000000e+04
1.530000000000000000e+04
1.560000000000000000e+04
1.590000000000000000e+04
1.620000000000000000e+04
1.650000000000000000e+04
1.680000000000000000e+04
1.710000000000000000e+04
1.740000000000000000e+04
1.770000000000000000e+04
1.800000000000000000e+04
1.830000000000000000e+04
1.860000000000000000e+04
1.890000000000000000e+04
1.920000000000000000e+04
1.950000000000000000e+04
1.980000000000000000e+04
2.010000000000000000e+04
2.040000000000000000e+04
2.070000000000000000e+04
2.100000000000000000e+04
2.130000000000000000e+04
2.160000000000000000e+04
2.190000000000000000e+04
2.220000000000000000e+04
2.250000000000000000e+04
2.280000000000000000e+04
2.310000000000000000e+04
2.340000000000000000e+04
2.370000000000000000e+04
2.400000000000000000e+04
2.430000000000000000e+04
2.460000000000000000e+04
2.490000000000000000e+04
2.520000000000000000e+04
2.550000000000000000e+04
2.580000000000000000e+04
2.610000000000000000e+04
2.640000000000000000e+04
2.670000000000000000e+04
2.700000000000000000e+04
2.730000000000000000e+04
2.760000000000000000e+04
2.790000000000000000e+04
2.820000000000000000e+04
2.850000000000000000e+04
2.880000000000000000e+04
2.910000000000000000e+04
2.940000000000000000e+04
2.970000000000000000e+04
3.000000000000000000e+04
