2.950790446616090357e+00
1.666407619891354663e+00
1.216027633268145447e+00
8.733362067457696165e-01
5.476225586012876123e-01
2.866828855024816658e-01
1.308226205583737090e-01
6.967528535233796783e-02
6.017815808669135097e-02
6.097213569530120919e-02
5.314773193062546225e-02
3.890130314343089035e-02
2.763731283437651648e-02
2.392433037846502381e-02
2.487721676365476156e-02
2.489584094650429749e-02
2.110484152593420509e-02
1.484581603743091727e-02
9.327168739186696492e-03
6.542391419048203087e-03
6.110054575903221125e-03
6.318610691875369174e-03
5.847474811065681705e-03
4.603936266912685843e-03
3.317526031450713456e-03
2.625576341613352314e-03
2.544628459721284645e-03
2.625770935737875567e-03
2.449820632758439518e-03
1.954666709041930073e-03
1.380030887462120473e-03
9.880025490242763230e-04
8.495557813854854971e-04
8.458999596682360454e-04
8.180724473451168790e-04
7.007836705725723663e-04
5.398188546378200007e-04
4.158232318685860240e-04
3.645440302655797676e-04
3.586523181253165027e-04
3.241952520294230427e-04
2.032738646185377530e-04
1.333239420440350347e-04
1.180475287684539253e-04
8.336397525178049109e-05
5.448237359956108899e-05
2.953562866886258784e-05
1.684391148833331843e-05
7.352133358826379289e-06
2.381172368249672167e-06
8.743946954115161023e-07
3.499741184164172379e-07
1.803997451734974166e-07
1.279428611734072005e-07
9.641722152573598952e-08
7.823609579217170893e-08
6.404797145294090883e-08
5.370557498842512087e-08
4.557791561981737387e-08
3.892428324072015201e-08
3.339310148800799629e-08
2.879348538069268239e-08
2.496381067294458507e-08
2.176409630130274143e-08
1.907142124566717364e-08
1.679162459678578643e-08
1.485131122653187940e-08
1.318913221720994657e-08
1.175840907330282003e-08
1.052243489962349834e-08
9.448928080296070782e-09
8.510284706272061788e-09
7.685962224237111261e-09
6.961376458709657960e-09
6.323590822087232295e-09
5.760188870455205216e-09
5.260578198242545073e-09
4.815208525563726386e-09
4.415986878164194150e-09
4.057342470807751808e-09
3.735701691923468426e-09
3.446978484652144284e-09
3.186595282722457987e-09
2.950680470189506886e-09
2.736038823122811240e-09
2.539968489377441085e-09
2.361011349965931650e-09
2.198272541371502929e-09
2.050328328831557027e-09
1.914996446771560195e-09
1.790329578826123953e-09
1.675157832180202716e-09
1.568820349451197794e-09
1.470950988166860475e-09
1.381361726816592029e-09
1.299298868066979393e-09
1.223394795029579161e-09
1.152529976327596699e-09
1.086386808897443998e-09
1.024921459351100491e-09
9.680341774959195841e-10
9.151147485072789874e-10
8.648939329164353845e-10
-3.018180359260341609e-03
-1.417208338297120188e-02
-1.238225909614208003e-02
-2.414280821087846571e-03
6.116019632837706166e-03
8.049623909228274810e-03
4.563775139337972533e-03
6.243266475048015384e-05
-2.051840411553484088e-03
-1.454721299710702402e-03
-5.871794169842674719e-06
4.982510400129871835e-04
-2.346391475335605646e-04
-1.240785500126109255e-03
-1.511933806156548444e-03
-8.908686270993028877e-04
-1.230989521775707846e-06
4.585016738542493030e-04
2.974981790461386907e-04
-1.501363346214554229e-04
-4.361257330715301176e-04
-3.830402399526286949e-04
-1.420916168418210625e-04
2.961870335230067059e-05
1.130997053890391607e-05
-1.217082317612578029e-04
-2.164733342457858198e-04
-1.911585548765320120e-04
-8.402609616456102647e-05
9.354380733788548766e-06
2.832728637094758691e-05
-1.409071381000022907e-05
-6.212604927512648109e-05
-7.335548997140989898e-05
-4.797877565247755699e-05
-1.567774339133394974e-05
-2.912833798893211785e-06
-1.248806947369412787e-05
-2.813874911355413765e-05
-3.316102513502279623e-05
-1.693357497278588332e-05
-1.423606169025599083e-06
-9.183271878051688146e-06
-8.081444949038071307e-06
-2.213534917656638990e-06
-3.824258899046827419e-06
-1.022526547969262137e-06
-1.024683225104320088e-06
-3.753764537693012775e-07
-1.227931058081716482e-07
-3.426723056951616016e-08
-1.034679366007489063e-08
-4.278091025783627873e-09
-2.384593289342086915e-09
-1.519623581951647450e-09
-1.246084222265125626e-09
-9.066031029895769461e-10
-7.339536805445981256e-10
-6.402350792328094795e-10
-5.563123784123504454e-10
-4.753570166253309494e-10
-4.027306182493105786e-10
-3.424760387862769353e-10
-2.943676138135449785e-10
-2.556880470873073513e-10
-2.241880372412272193e-10
-1.979425518197748866e-10
-1.755466331684351875e-10
-1.560914989569328867e-10
-1.391249828348434331e-10
-1.242617894621610961e-10
-1.112146769334677194e-10
-9.974597485518123893e-11
-8.967373652727913134e-11
-8.084998854235770949e-11
-7.313670964222687824e-11
-6.637943839268239197e-11
-6.044199953757789197e-11
-5.519855528682324259e-11
-5.055584141896692953e-11
-4.642683210679288958e-11
-4.274451087542785240e-11
-3.944332666221226293e-11
-3.647336898753472819e-11
-3.378767201733327964e-11
-3.135219619310521197e-11
-2.913427972296499511e-11
-2.711222245734242263e-11
-2.526273362308470429e-11
-2.356805791348847483e-11
-2.200993615627309585e-11
-2.057592480661381445e-11
-1.925454864373709106e-11
-1.803782415245531354e-11
-1.691657352263046692e-11
-1.588316842404934366e-11
-1.492744287565752952e-11
-1.404231874231871518e-11
-1.321825818140074702e-11
-1.244930953147721287e-11
-1.171928698080411846e-11
-1.101696972013368747e-11
-1.031776567168573760e-11
3.545936311831318546e-04
4.665050318662911067e-04
3.004110224745113952e-04
1.193423008559820917e-04
2.506950717055589145e-04
6.303390163222551221e-04
9.077008309656244348e-04
8.356481862904305974e-04
5.036874207078959878e-04
2.139903143235235379e-04
1.778602235864473247e-04
3.452412667905575654e-04
4.991435980887711779e-04
4.799511540934619483e-04
3.139784112720760416e-04
1.522464923574516084e-04
1.129070662595402621e-04
1.856422822842741576e-04
2.676225280070416469e-04
2.709218417733933707e-04
1.935196615185781307e-04
1.016069338550255110e-04
5.875869124099576679e-05
7.416661363345591852e-05
1.084998712942601083e-04
1.184177716133296560e-04
9.313338668805854446e-05
5.480661877446676116e-05
3.169951835180374330e-05
3.322183277314820992e-05
4.689386306856003312e-05
5.401746781450934745e-05
4.637075974067503953e-05
3.007373767337226454e-05
1.689168371226789766e-05
1.333016013919119673e-05
1.688103379780988750e-05
2.047006468591044227e-05
1.930178409153787651e-05
1.398480870713674908e-05
7.256874915600890770e-06
7.378808808946513744e-06
7.379221042156904700e-06
3.505328781979119934e-06
2.651960043970766020e-06
2.227301473406306024e-06
1.105245468669155392e-06
5.752647245236439881e-07
2.678958202142130320e-07
8.164390529049608946e-08
2.523252538067087618e-08
8.189942592761912336e-09
3.472501053868863597e-09
2.049255030343590562e-09
1.358508830910039352e-09
9.901970073294927541e-10
7.857296705392232350e-10
6.415907012528419345e-10
5.370146162867361795e-10
4.543802377759118419e-10
3.865477853689904142e-10
3.305324123381244132e-10
2.841132368298685833e-10
2.455340773723522755e-10
2.133752511401303114e-10
1.864322833818435819e-10
1.637292463292155871e-10
1.444719752565530680e-10
1.280408873662577452e-10
1.139444947549776381e-10
1.017874767879813070e-10
9.124685693388715969e-11
8.206409501830713951e-11
7.403213114480639079e-11
6.698450224913909609e-11
6.078251695528765154e-11
5.530695214865064946e-11
5.045549223600950656e-11
4.614222795883453148e-11
4.229475387892436647e-11
3.885244911451043663e-11
3.576295759217908722e-11
3.298193091305898338e-11
3.047150927814115907e-11
2.820020237264626554e-11
2.614084967158437723e-11
2.427003677509489959e-11
2.256690450183981051e-11
2.101311172753364382e-11
1.959239477253373901e-11
1.829106260144565170e-11
1.709732958792529642e-11
1.600111416330432595e-11
1.499331898994067717e-11
1.406571933414380755e-11
1.321072425300690018e-11
1.242153795205801893e-11
1.169179864672477024e-11
1.101539208266292644e-11
1.038501365684727800e-11
9.791850694421443587e-12
9.224412596813699631e-12
8.667547218163671490e-12
1.696498112340419694e-07
1.701243896258436108e-07
1.647393361089954634e-07
1.592875641086536774e-07
1.598519516479619953e-07
1.638327299310427122e-07
1.634156564635563383e-07
1.542005692713318809e-07
1.393626812326967419e-07
1.260294494393038813e-07
1.185420532156832128e-07
1.153084458367282907e-07
1.114503043726005288e-07
1.037935347279339341e-07
9.333423367006099568e-08
8.354312367784517541e-08
7.687020211130387903e-08
7.287602687388485641e-08
6.925029558450294623e-08
6.419844988672545816e-08
5.784932210676004670e-08
5.170914371017264516e-08
4.707879768337046446e-08
4.401270575444314750e-08
4.156096508122210461e-08
3.878103262083480899e-08
3.548925592671231709e-08
3.219680302963373266e-08
2.949162251262833886e-08
2.751812559021654676e-08
2.595697529921131223e-08
2.439073837607759836e-08
2.265504515703828499e-08
2.089293714928760843e-08
1.934706983174000888e-08
1.812782429718627286e-08
1.715058061433445222e-08
1.624640764046455350e-08
1.531022619349448133e-08
1.435803918484651226e-08
1.309363463775551488e-08
1.177868125123009128e-08
1.062156998993929437e-08
9.529725164229687849e-09
8.626430558237089074e-09
7.468340142269584749e-09
6.163840778575213496e-09
5.109772333843700337e-09
3.904148064753733824e-09
2.753649426282181774e-09
1.987107229268772796e-09
1.416490233949878753e-09
1.055673791956504519e-09
8.616764290326640609e-10
7.234756778008541658e-10
6.196095320995057511e-10
5.344006284169502734e-10
4.616097377115800729e-10
3.987107916266479500e-10
3.447959583806143834e-10
2.988842668537479736e-10
2.599930245149716683e-10
2.270940506450593391e-10
1.992301334539806429e-10
1.755464545919051775e-10
1.553204396885191515e-10
1.379640805997845625e-10
1.230042741901917904e-10
1.100562197832020568e-10
9.880388352420076507e-11
8.898211367313424777e-11
8.036799115530255225e-11
7.278190320334540893e-11
6.608160223832293560e-11
6.015154558398495049e-11
5.488981091700066312e-11
5.020513335286492437e-11
4.602020897540888740e-11
4.227106337900010706e-11
3.890395599460888779e-11
3.587182255488735947e-11
3.313316527889652997e-11
3.065293503798264091e-11
2.840203165555552113e-11
2.635602637659911891e-11
2.449352297288750968e-11
2.279506062058152021e-11
2.124283607720939835e-11
1.982102377105465832e-11
1.851632428858774014e-11
1.731774086183093586e-11
1.621567713844684331e-11
1.520145503583468519e-11
1.426685499338573780e-11
1.340426507235381790e-11
1.260706387868272241e-11
1.186972531826194413e-11
1.118750374155843028e-11
1.055591427837213712e-11
9.969550459347476481e-12
9.421387480547627599e-12
8.901261797645644662e-12
8.397211609013193443e-12
2.001383825037098717e-07
1.571454530742274798e-07
1.181697207300319906e-07
9.023451807564177486e-08
7.148637658040438903e-08
5.830622101975358961e-08
4.854538047262061897e-08
4.099638895765847755e-08
3.500050602318169521e-08
3.017449884798752294e-08
2.625596840673886857e-08
2.305725353606815084e-08
2.042928850822914823e-08
1.825043067089339156e-08
1.642247368903932769e-08
1.486852583907748622e-08
1.353050143695759307e-08
1.236582407278985060e-08
1.134376294158297925e-08
1.044195434949060858e-08
9.643509933959947503e-09
8.934896823455555414e-09
8.304579906825503001e-09
7.742309761395246155e-09
7.238852829408882746e-09
6.785990846488293957e-09
6.376602300807545405e-09
6.004711225782249006e-09
5.665440438434008678e-09
5.354864888282381711e-09
5.069810939365898584e-09
4.807658090539949892e-09
4.566164392525131559e-09
4.343347921655763439e-09
4.137415361765195132e-09
3.946729986359579608e-09
3.769801179440746324e-09
3.605285354611867577e-09
3.451982249046492984e-09
3.308830083830235407e-09
3.112133540688949361e-09
2.876159615332522640e-09
2.667455979998866028e-09
2.482055245757890404e-09
2.316643934077071813e-09
2.101573593848852654e-09
1.859126092501158141e-09
1.658863814163901071e-09
1.420531037781581353e-09
1.176404579080543588e-09
9.938113780954313731e-10
8.421577439549140615e-10
7.357199926185415336e-10
6.680314335397651403e-10
6.098951522323013981e-10
5.595365592074919995e-10
5.155846509557772390e-10
4.769557805461953139e-10
4.428115459530148950e-10
4.124256279067107522e-10
3.852811696508568117e-10
3.609308140620793679e-10
3.389437331007841748e-10
3.190105885399458370e-10
3.009152002089680027e-10
2.844472719890958073e-10
2.693965239550512688e-10
2.555593070479072910e-10
2.427941463198275727e-10
2.310147095288499209e-10
2.201389297880867619e-10
2.100847465613589361e-10
2.007701059197276711e-10
1.921129560324341103e-10
1.840313503714195019e-10
1.764532009234457284e-10
1.693395488228085795e-10
1.626635784540429743e-10
1.563986786476311573e-10
1.505182414870492697e-10
1.449956576609320279e-10
1.398043211678068524e-10
1.349176264462315486e-10
1.303089679802372196e-10
1.259517414764061488e-10
1.218193443894279810e-10
1.178861761344871168e-10
1.141360526512530498e-10
1.105611428602492165e-10
1.071542601098098838e-10
1.039082197872077742e-10
1.008158349627542545e-10
9.786992156496841030e-11
9.506329353189211385e-11
9.238876713062635519e-11
8.983915702053255640e-11
8.740727863413416164e-11
8.508594733915544431e-11
8.286797997016146684e-11
8.074619136958494135e-11
7.871339803397950911e-11
7.676241614052298100e-11
7.488606141962096373e-11
