2.953032451208121856e+00
1.667791624608133016e+00
1.216244214301907878e+00
8.725131906947523053e-01
5.465619206860605761e-01
2.861947591556852633e-01
1.310888712146863200e-01
7.023890469543614401e-02
6.048192179036807059e-02
6.086449721731220647e-02
5.290672687829207910e-02
3.885503671332619924e-02
2.781913659949237366e-02
2.408378768464557174e-02
2.477271890050339667e-02
2.454148086585321298e-02
2.074266371547930921e-02
1.470877411287292713e-02
9.441328164679681917e-03
6.739613675319540941e-03
6.204201326381688503e-03
6.262069881491931847e-03
5.736445225326986842e-03
4.559362642748463791e-03
3.371317396127782896e-03
2.710220482248636154e-03
2.573400284578672252e-03
2.574357373034149785e-03
2.367583890353468831e-03
1.909865441639911881e-03
1.399473935183644970e-03
1.043665760776183197e-03
8.933815272055424094e-04
8.530561730517611119e-04
8.007497007009242718e-04
6.880714166130352544e-04
5.486298907870542762e-04
4.393679743042353501e-04
3.837828418858026005e-04
3.615431476717100696e-04
3.151156001530356471e-04
2.105268595453295487e-04
1.446122232378070280e-04
1.187885073043681253e-04
8.700811248715911825e-05
5.738095786395137400e-05
3.218691784684874293e-05
1.831061414841948686e-05
8.430196221900096106e-06
2.951841159222093908e-06
1.166121465925764219e-06
4.989591914232876616e-07
2.676635884022383127e-07
1.852904298007523190e-07
1.357351686212731414e-07
1.042923320351224776e-07
8.242876468019528367e-08
6.669506432946058178e-08
5.495740561840397847e-08
4.589338525182398681e-08
3.872055533962598662e-08
3.295622316724107929e-08
2.827342713353264797e-08
2.442875879402009541e-08
2.123850947980750872e-08
1.856903503245784953e-08
1.632000459720006116e-08
1.441184757175316315e-08
1.278310589593502277e-08
1.138614716549332111e-08
1.018038579098300314e-08
9.131966291855119271e-09
8.216378924845611063e-09
7.415511676992048904e-09
6.713082895769831681e-09
6.094602381810996435e-09
5.548139639947059078e-09
5.062909721941209509e-09
4.629387065183222502e-09
4.241184508603224948e-09
3.894228756105729589e-09
3.584024948535373868e-09
3.305396198211336706e-09
3.053887595057932655e-09
2.825841441490889283e-09
2.618179598408933836e-09
2.429095548990400880e-09
2.257714760678724192e-09
2.102465526987173105e-09
1.960813016990542175e-09
1.830572877746669668e-09
1.710459627711865512e-09
1.599684963354919630e-09
1.497880109414787165e-09
1.404887706689085344e-09
1.319909466409368774e-09
1.241382618789835380e-09
1.168029595780518220e-09
1.099455213568341160e-09
1.035646830418063677e-09
9.764815552779809954e-10
9.215305778781596371e-10
8.697298367094593570e-10
-3.021847490517652786e-03
-1.416043115131248448e-02
-1.234787582011566409e-02
-2.387647751567696652e-03
6.096946586563815537e-03
7.990714609094434068e-03
4.514270115374623832e-03
6.318106071993990342e-05
-2.012029237089393505e-03
-1.425540607054850062e-03
-2.079143147040637138e-05
4.574783326290756368e-04
-2.522023973118934907e-04
-1.208079162262422172e-03
-1.452427825552882624e-03
-8.549800358479972898e-04
-1.726700521794724181e-05
4.092498851348659941e-04
2.599458875102810657e-04
-1.474951352778701061e-04
-4.037103229580986277e-04
-3.548491906683974291e-04
-1.417532202444875744e-04
8.037637170657596435e-06
-7.082117634393363521e-06
-1.184309532549326476e-04
-1.952988806877315354e-04
-1.714058632968159948e-04
-8.127224411639753755e-05
-3.946338352262908879e-06
1.278167816769466109e-05
-1.910543926794841210e-05
-5.518446128170932105e-05
-6.309058257203299387e-05
-4.367054502054021472e-05
-1.936790589788588317e-05
-9.339093111387710035e-06
-1.517509995999124893e-05
-2.516491801829584676e-05
-2.783267113587471604e-05
-1.603930613523004041e-05
-4.570348365169025528e-06
-8.325797107263389728e-06
-7.220702395328443448e-06
-3.349867880786298413e-06
-3.463220784220154183e-06
-1.390224566679667082e-06
-1.007196599689449578e-06
-4.199628902552996061e-07
-1.366147193978564269e-07
-4.515292883429030695e-08
-1.562779362333070173e-08
-6.735908847100728440e-09
-4.018589100088960792e-09
-2.624661499140418283e-09
-1.893221432781377608e-09
-1.391724414161888763e-09
-1.067215639724935126e-09
-8.548652970452893628e-10
-7.000403624845245941e-10
-5.784170853680493560e-10
-4.811610712006741978e-10
-4.037890413223193182e-10
-3.424735804587010983e-10
-2.935944188582422481e-10
-2.541025764520533978e-10
-2.216505396588471213e-10
-1.945326609924203152e-10
-1.715519093165786174e-10
-1.518715423268193570e-10
-1.348987671553329254e-10
-1.201966272133982068e-10
-1.074199451195760690e-10
-9.628949014975351551e-11
-8.657961015058021163e-11
-7.809764023020661501e-11
-7.067022930019239691e-11
-6.414694527087547180e-11
-5.840106284581715240e-11
-5.332128019210583947e-11
-4.881030787900014350e-11
-4.478923707154513258e-11
-4.119398663175403180e-11
-3.796880906583660053e-11
-3.506593893458104129e-11
-3.244693788773585984e-11
-3.007744420539906514e-11
-2.792599142645938515e-11
-2.596636326005338625e-11
-2.417846439390601792e-11
-2.254385136620632197e-11
-2.104574884879220423e-11
-1.967038459213076978e-11
-1.840591301826019982e-11
-1.724066192617068359e-11
-1.616482963137748910e-11
-1.517116665527564562e-11
-1.425232678964594913e-11
-1.339952627677698331e-11
-1.260310159899678905e-11
-1.185242676431055575e-11
-1.113045732764075097e-11
-1.041954170755512038e-11
3.562939127347874210e-04
4.679587179993906633e-04
3.021097600732853476e-04
1.224264978216357716e-04
2.544630570404249207e-04
6.315327706383441243e-04
9.041862146643858417e-04
8.301966636987812139e-04
5.021189211206695049e-04
2.187167256942884185e-04
1.842794897085362025e-04
3.459311581373973338e-04
4.918421485488192260e-04
4.705139505555274511e-04
3.107095354701953612e-04
1.574027949547601496e-04
1.202991066887128854e-04
1.867968335093770564e-04
2.600991867124522123e-04
2.604642069670879095e-04
1.882611509427239559e-04
1.044293157914365108e-04
6.517278080105918961e-05
7.715154392866393064e-05
1.050876956673653937e-04
1.118013018146888103e-04
8.897095848675377579e-05
5.584927956016979991e-05
3.578146818897009812e-05
3.588875732087462372e-05
4.562360097851018200e-05
5.008305353540857022e-05
4.312657328240205944e-05
2.976464338328810465e-05
1.897905390712989831e-05
1.547178350540500671e-05
1.722362787922056797e-05
1.906955800456671676e-05
1.766399760968750265e-05
1.350380486291384632e-05
8.262469190023706257e-06
7.423817780258776705e-06
6.769604419020744252e-06
3.904417223975573323e-06
2.900565449100667054e-06
2.193644380858328662e-06
1.158653676079298069e-06
6.453441324682266716e-07
2.908089624208621782e-07
9.524673753817228740e-08
3.284112192505451349e-08
1.177221950058861837e-08
5.280683396323696121e-09
3.205609637622092422e-09
2.118863194653679461e-09
1.500199907447739247e-09
1.122421389665266192e-09
8.708459226015875291e-10
6.942351839020951970e-10
5.647117464400143524e-10
4.664105100175354458e-10
3.900153371612725646e-10
3.295647538561299122e-10
2.810201049300243767e-10
2.415432225839354734e-10
2.090845813186431469e-10
1.821346269188284152e-10
1.595636167745250182e-10
1.405132092135413787e-10
1.243212611614594657e-10
1.104699258167473410e-10
9.855085559563414181e-11
8.824060957156689443e-11
7.928118272581669222e-11
7.146390693293712475e-11
6.461701260843144534e-11
5.859713651597121100e-11
5.328399741607343405e-11
4.857693598846784586e-11
4.439221880239653222e-11
4.066018907765431122e-11
3.732226449717295387e-11
3.432854182769364914e-11
3.163628586923541944e-11
2.920906161209408784e-11
2.701588042790228923e-11
2.503023556445216851e-11
2.322902186840622202e-11
2.159167220230244661e-11
2.009977133220610028e-11
1.873709582322136237e-11
1.748976386652826113e-11
1.634607769122421272e-11
1.529604511943492155e-11
1.433080073206029500e-11
1.344210800588041851e-11
1.262218799647996240e-11
1.186380053430908162e-11
1.116021951385781900e-11
1.050478582761221873e-11
9.889727125640729805e-12
9.305140113042900422e-12
8.736140022599403103e-12
1.973520298740168281e-06
1.998993440722144047e-06
2.070249269779571850e-06
2.194161859361605057e-06
2.244669876515114480e-06
2.134723390780652678e-06
1.918159136812027307e-06
1.719278564235216132e-06
1.606488798547268214e-06
1.548359638705053906e-06
1.472453839709682567e-06
1.345391974717680818e-06
1.194978906774370146e-06
1.069625126201755603e-06
9.887900270914347654e-07
9.320642775364838281e-07
8.670400871968885320e-07
7.811416738435479354e-07
6.880234791734868100e-07
6.093001135862272903e-07
5.538644099146950677e-07
5.133741942013482191e-07
4.735784578171899092e-07
4.276074236438783132e-07
3.794165475269617618e-07
3.371668995494609771e-07
3.049051096440195195e-07
2.800155002207313567e-07
2.569731152284786948e-07
2.325033924455983513e-07
2.074635787206007483e-07
1.848140380528781843e-07
1.664568895558838613e-07
1.518493515676696771e-07
1.390039999916054983e-07
1.263671721010509490e-07
1.138021537954151578e-07
1.021565537346986695e-07
9.218786666756986153e-08
8.389983449497696100e-08
7.331823754606990668e-08
6.043650868182654518e-08
4.976637522100097514e-08
4.164040326051266617e-08
3.482574618283793339e-08
2.683523061123094134e-08
1.925129238327756986e-08
1.405599961972853899e-08
9.205800755047795269e-09
5.487492718722443696e-09
3.496148028575563430e-09
2.280385642248473605e-09
1.618175951246197473e-09
1.275415916819185469e-09
1.022055039608853911e-09
8.307571887352302215e-10
6.836479397510822631e-10
5.687038711255481583e-10
4.776326782400473913e-10
4.045836728111647031e-10
3.453463615431157408e-10
2.968374101164087369e-10
2.567626777615153075e-10
2.233885295808543050e-10
1.953869348050078400e-10
1.717322075842913805e-10
1.516272799841103299e-10
1.344452077487947198e-10
1.196842716950802151e-10
1.069381757409439134e-10
9.587757168495529066e-11
8.623589312886492163e-11
7.779661702852285243e-11
7.038280965514073855e-11
6.384848455981687327e-11
5.807118298041348498e-11
5.294678133238162837e-11
4.838671108737541939e-11
4.431613087227403135e-11
4.067181636658467742e-11
3.740018617417642196e-11
3.445573283359698934e-11
3.179956183064280410e-11
2.939817925455949448e-11
2.722268096167619943e-11
2.524802174428808552e-11
2.345222903163257363e-11
2.181583673598598786e-11
2.032172058042371937e-11
1.895491165835511852e-11
1.770237385375911546e-11
1.655271131404961908e-11
1.549596289831040019e-11
1.452329964851114954e-11
1.362678917081843506e-11
1.279932265723744620e-11
1.203452453606359531e-11
1.132652524579410515e-11
1.066972271934997944e-11
1.005857429428409440e-11
9.487130214607817666e-12
8.948200848343174061e-12
8.431743061336161248e-12
2.001383825037098717e-07
1.571454530742274798e-07
1.181697207300319906e-07
9.023451807564177486e-08
7.148637658040438903e-08
5.830622101975358961e-08
4.854538047262061897e-08
4.099638895765847755e-08
3.500050602318169521e-08
3.017449884798752294e-08
2.625596840673886857e-08
2.305725353606815084e-08
2.042928850822914823e-08
1.825043067089339156e-08
1.642247368903932769e-08
1.486852583907748622e-08
1.353050143695759307e-08
1.236582407278985060e-08
1.134376294158297925e-08
1.044195434949060858e-08
9.643509933959947503e-09
8.934896823455555414e-09
8.304579906825503001e-09
7.742309761395246155e-09
7.238852829408882746e-09
6.785990846488293957e-09
6.376602300807545405e-09
6.004711225782249006e-09
5.665440438434008678e-09
5.354864888282381711e-09
5.069810939365898584e-09
4.807658090539949892e-09
4.566164392525131559e-09
4.343347921655763439e-09
4.137415361765195132e-09
3.946729986359579608e-09
3.769801179440746324e-09
3.605285354611867577e-09
3.451982249046492984e-09
3.308830083830235407e-09
3.112133540688949361e-09
2.876159615332522640e-09
2.667455979998866028e-09
2.482055245757890404e-09
2.316643934077071813e-09
2.101573593848852654e-09
1.859126092501158141e-09
1.658863814163901071e-09
1.420531037781581353e-09
1.176404579080543588e-09
9.938113780954313731e-10
8.421577439549140615e-10
7.357199926185415336e-10
6.680314335397651403e-10
6.098951522323013981e-10
5.595365592074919995e-10
5.155846509557772390e-10
4.769557805461953139e-10
4.428115459530148950e-10
4.124256279067107522e-10
3.852811696508568117e-10
3.609308140620793679e-10
3.389437331007841748e-10
3.190105885399458370e-10
3.009152002089680027e-10
2.844472719890958073e-10
2.693965239550512688e-10
2.555593070479072910e-10
2.427941463198275727e-10
2.310147095288499209e-10
2.201389297880867619e-10
2.100847465613589361e-10
2.007701059197276711e-10
1.921129560324341103e-10
1.840313503714195019e-10
1.764532009234457284e-10
1.693395488228085795e-10
1.626635784540429743e-10
1.563986786476311573e-10
1.505182414870492697e-10
1.449956576609320279e-10
1.398043211678068524e-10
1.349176264462315486e-10
1.303089679802372196e-10
1.259517414764061488e-10
1.218193443894279810e-10
1.178861761344871168e-10
1.141360526512530498e-10
1.105611428602492165e-10
1.071542601098098838e-10
1.039082197872077742e-10
1.008158349627542545e-10
9.786992156496841030e-11
9.506329353189211385e-11
9.238876713062635519e-11
8.983915702053255640e-11
8.740727863413416164e-11
8.508594733915544431e-11
8.286797997016146684e-11
8.074619136958494135e-11
7.871339803397950911e-11
7.676241614052298100e-11
7.488606141962096373e-11
