2.950790224644310733e+00
1.666407272160430608e+00
1.216027141001753797e+00
8.733356246204126982e-01
5.476220051416671453e-01
2.866824606203171033e-01
1.308223378888456745e-01
6.967507761742598726e-02
6.017794527560083734e-02
6.097188821239352130e-02
5.314747520297852940e-02
3.890107246950880171e-02
2.763711055410041084e-02
2.392412598366963281e-02
2.487698264893181688e-02
2.489558358186642548e-02
2.110459778104541162e-02
1.484562130075476466e-02
9.327028906816910853e-03
6.542282896180588031e-03
6.109948123744756224e-03
6.318494844511912678e-03
5.847359292446383840e-03
4.603836764292602336e-03
3.317447460500937573e-03
2.625509554943664635e-03
2.544560570892577967e-03
2.625697438320762252e-03
2.449748203030107339e-03
1.954605832332997548e-03
1.379986447930912127e-03
9.879707168101142106e-04
8.495285651884108315e-04
8.458720716184109714e-04
8.180443419184247559e-04
7.007591568043175945e-04
5.398005641891155670e-04
4.158102585614144309e-04
3.645332326339753440e-04
3.586413405369555515e-04
3.241853159584884856e-04
2.032705960474675373e-04
1.333251340951765334e-04
1.180493836294808647e-04
8.336804783406746877e-05
5.448840803478413998e-05
2.954348173862941722e-05
1.685253569302748431e-05
7.360960167426072338e-06
2.389491782298183758e-06
8.819113475540852820e-07
3.565474035691338805e-07
1.860418925672320752e-07
1.330360539896175581e-07
1.010930385990764096e-07
8.253228875573671859e-08
6.795832094927731648e-08
5.723658274255936491e-08
4.874413977976250799e-08
4.175209239724593715e-08
3.591272305655563525e-08
3.103707454085678725e-08
2.696237948117366741e-08
2.354652657272145977e-08
2.066338629779605686e-08
1.821567503049331325e-08
1.612726776693058180e-08
1.433414892033745362e-08
1.278756420288535832e-08
1.144894474508740436e-08
1.028435387065809707e-08
9.264703037522967502e-09
8.368119489157858431e-09
7.579017251314824373e-09
6.883633101706130629e-09
6.268698099276454663e-09
5.722857965231023436e-09
5.235910113896249649e-09
4.799242517790311609e-09
4.406811347253782309e-09
4.054641500533316876e-09
3.738259509729362181e-09
3.452762647390803921e-09
3.194024767033577346e-09
2.958626880599439495e-09
2.743653537463623722e-09
2.547480063265215474e-09
2.369033519391030462e-09
2.206740091185058195e-09
2.058293692113585876e-09
1.921634140894893563e-09
1.795491459328996526e-09
1.679117434912851908e-09
1.572054128388472418e-09
1.474035950057624256e-09
1.384239472025255452e-09
1.301237411541665299e-09
1.223857167943251966e-09
1.151737707502061509e-09
1.084784293527671920e-09
1.022851791639178894e-09
9.652659190412169573e-10
9.106854364084939043e-10
-3.018178745923710219e-03
-1.417208013528948804e-02
-1.238225581713176503e-02
-2.414281498959053654e-03
6.116012455759862673e-03
8.049613113506309120e-03
4.563767471183904217e-03
6.243258404915989367e-05
-2.051834955050017145e-03
-1.454716443882936912e-03
-5.871161576695391350e-06
4.982500764719093121e-04
-2.346358493520757241e-04
-1.240775388523638776e-03
-1.511920841951824163e-03
-8.908599207720874040e-04
-1.230315311803822044e-06
4.584971360869380353e-04
2.974949747087979215e-04
-1.501338067433961474e-04
-4.361185545968580628e-04
-3.830330905876018358e-04
-1.420880669323756158e-04
2.961913948166042932e-05
1.131068000212811803e-05
-1.217045489420883852e-04
-2.164671030714590278e-04
-1.911526123218758907e-04
-8.402293345924131648e-05
9.354690621874193218e-06
2.832678890773248539e-05
-1.408987741484745646e-05
-6.212337432690858254e-05
-7.335215073610870619e-05
-4.797627410480442226e-05
-1.567657788309433014e-05
-2.912300120739941365e-06
-1.248712436502282799e-05
-2.813698541801734339e-05
-3.315891024990943352e-05
-1.693231963127659207e-05
-1.423366927146692543e-06
-9.182525857039754489e-06
-8.080722558255138468e-06
-2.213289960404284646e-06
-3.823886574021068817e-06
-1.022456611878328062e-06
-1.024623502761607581e-06
-3.754151237117045577e-07
-1.228760093170655823e-07
-3.435893654197476875e-08
-1.042804889978726719e-08
-4.346743045822603040e-09
-2.443737245719509936e-09
-1.573511594493438987e-09
-1.295091347383304231e-09
-9.529941179648991034e-10
-7.771928594693561956e-10
-6.803488699553224908e-10
-5.929485166889571307e-10
-5.084845622341630650e-10
-4.324539503680663266e-10
-3.690186654588422370e-10
-3.180292100674046044e-10
-2.767710196536645038e-10
-2.429933555979064745e-10
-2.147362958267423232e-10
-1.905721115032911464e-10
-1.695568060685909135e-10
-1.512153043054287372e-10
-1.351347220178058397e-10
-1.210080024042441485e-10
-1.085787561983164685e-10
-9.765025306392858010e-11
-8.806253082336666772e-11
-7.966718043485652066e-11
-7.229963485118130373e-11
-6.581625233940155628e-11
-6.008267695969818546e-11
-5.500016858393756563e-11
-5.047499295503815968e-11
-4.643566089102039483e-11
-4.281146633605714725e-11
-3.954917069611607481e-11
-3.659808823614137867e-11
-3.392180346894639410e-11
-3.148469660076914972e-11
-2.926318967207991476e-11
-2.723159260073668933e-11
-2.537074149072687584e-11
-2.366071512353762605e-11
-2.208798020725969437e-11
-2.063979919003404367e-11
-1.930722320190114421e-11
-1.807991935969687434e-11
-1.694948533436940334e-11
-1.590478882376443032e-11
-1.493818628245073855e-11
-1.403916660998916990e-11
-1.320129135646443038e-11
-1.240687602533331124e-11
-1.164448432181547192e-11
-1.088785007864618421e-11
3.545938781046699211e-04
4.665052470440818398e-04
3.004112319722901121e-04
1.193424495362730168e-04
2.506948867961405168e-04
6.303381330898636010e-04
9.076992076959883218e-04
8.356463307146833963e-04
5.036859975320238068e-04
2.139894202285747438e-04
1.778591456179064514e-04
3.452391254124935471e-04
4.991402852181291930e-04
4.799475581095202325e-04
3.139756113503889071e-04
1.522447001936489395e-04
1.129054002685698664e-04
1.856396262980228046e-04
2.676186280657394563e-04
2.709175656275299160e-04
1.935161964131497099e-04
1.016047263771368094e-04
5.875713020516969164e-05
7.416468855669326038e-05
1.084971156954529076e-04
1.184146115993796019e-04
9.313065182300736447e-05
5.480475617596125614e-05
3.169824757241309141e-05
3.322048721882639737e-05
4.689202209007907181e-05
5.401528577713632037e-05
4.636875257940877200e-05
3.007229469976065040e-05
1.689076503775238235e-05
1.332940364840502354e-05
1.688010911616593290e-05
2.046893277991853970e-05
1.930066447124878385e-05
1.398393904612486413e-05
7.256379992954325706e-06
7.378300532248979370e-06
7.378684292730778899e-06
3.505070156041773404e-06
2.651777745250528859e-06
2.227151078822705977e-06
1.105204750227761967e-06
5.752858251777514068e-07
2.679575737329761055e-07
8.172881643668623228e-08
2.531805343748466481e-08
8.265243204255949794e-09
3.535887116348285734e-09
2.104374726279813120e-09
1.407295769918051285e-09
1.034521335384280105e-09
8.264674738447064746e-10
6.790805777751542214e-10
5.712138373349032473e-10
4.852926387678375086e-10
4.142699493069682222e-10
3.552689858271333925e-10
3.061305868097560749e-10
2.651183680835876343e-10
2.308070329356651381e-10
2.019683760378404316e-10
1.775990609212704293e-10
1.568762726862619670e-10
1.391549756086929399e-10
1.239205804248275766e-10
1.107577257920267153e-10
9.932546126466261954e-11
8.935017448048956323e-11
8.061230742434994911e-11
7.293519517918628848e-11
6.617129728317498986e-11
6.019339526039042373e-11
5.489200351531227026e-11
5.017506090632616442e-11
4.596475095320860103e-11
4.219576582251909921e-11
3.881146855044272499e-11
3.576383809607709930e-11
3.301182783537250426e-11
3.052132773005589417e-11
2.826285886937400008e-11
2.621096850976063034e-11
2.434291627376176324e-11
2.263871377077333682e-11
2.108064792069575746e-11
1.965383665003155027e-11
1.834543486180522412e-11
1.714441831714822271e-11
1.604078801079053838e-11
1.502548375742462541e-11
1.409015098401915639e-11
1.322733964446687565e-11
1.243008911838025279e-11
1.169173229045431515e-11
1.100432301877447497e-11
1.035838871570516040e-11
9.741669844197700743e-12
9.138317354853495034e-12
1.699331516151150439e-07
1.704065348162976972e-07
1.650257901972627675e-07
1.595770739011597557e-07
1.601354610077071551e-07
1.641035239631519149e-07
1.636766700791165677e-07
1.544612425746737914e-07
1.396297062669540064e-07
1.263010934252562333e-07
1.188108324810183280e-07
1.155683952966278641e-07
1.117015448166426262e-07
1.040406110516536210e-07
9.358092304433082713e-08
8.378898614517601977e-08
7.711153083506495235e-08
7.310945620829447706e-08
6.947539095743887805e-08
6.441728213119495221e-08
5.806404991653623780e-08
5.192009365353181500e-08
4.728453870102876097e-08
4.421158699565324179e-08
4.175248964779650698e-08
3.896597151749223836e-08
3.566872255649536301e-08
3.237131328255583433e-08
2.966091664380727341e-08
2.768170103473691709e-08
2.611470696186520871e-08
2.454305216664960987e-08
2.280261468295120576e-08
2.103626967338022825e-08
1.948634088603150462e-08
1.826302416221918454e-08
1.728176862082250624e-08
1.637384008630601030e-08
1.543428917801275579e-08
1.447909197395011848e-08
1.321058581830417052e-08
1.189057397910872340e-08
1.072910572490800497e-08
9.633600394357149667e-09
8.727018769859499258e-09
7.564656520444437134e-09
6.255243630246362345e-09
5.196809666449894196e-09
3.985278786449687355e-09
2.827721494884566918e-09
2.054326654377222713e-09
1.474247159541194053e-09
1.104336022278345113e-09
9.049924085672729046e-10
7.633464733145835908e-10
6.568606009538749341e-10
5.689699661457649862e-10
4.932991744010337499e-10
4.274276751410837440e-10
3.706280001758951747e-10
3.220231743947611165e-10
2.806849357320491222e-10
2.455966858724211652e-10
2.157901425170592304e-10
1.903873989130182417e-10
1.686396080867985225e-10
1.499343343916537354e-10
1.337773466044979389e-10
1.197657266581156149e-10
1.075678236909550681e-10
9.690387583862031728e-11
8.753721194916868699e-11
7.927697410210697558e-11
7.197228392366685365e-11
6.550059602360375542e-11
5.975304865493841140e-11
5.463155196127070633e-11
5.005298696774744905e-11
4.594861976651653502e-11
4.226065207284553747e-11
3.893822333198070438e-11
3.593625981513427751e-11
3.321666976026871819e-11
3.074789170090297581e-11
2.850346801022849901e-11
2.646017771676461238e-11
2.459683785448631059e-11
2.289403011330984133e-11
2.133446959145236856e-11
1.990364372977510640e-11
1.858957184617416747e-11
1.738178071235722479e-11
1.627076662506604663e-11
1.524748907875195349e-11
1.430355887297497649e-11
1.343167755629502195e-11
1.262575715881082505e-11
1.188058296621632735e-11
1.119124821717061412e-11
1.055185210285937407e-11
9.954770458639967190e-12
9.389041907747653551e-12
8.841976974448635780e-12
1.999147659963243256e-07
1.570071160801715046e-07
1.180937479076631758e-07
9.018928355293107284e-08
7.145584978089977415e-08
5.828554453048248436e-08
4.853349301795552705e-08
4.099290913721632252e-08
3.500487025343692282e-08
3.018597766631547594e-08
2.627387426629361974e-08
2.308100908670466110e-08
2.045841866337515207e-08
1.828452190172084611e-08
1.646114920582721829e-08
1.491144768583586121e-08
1.357739649974048904e-08
1.241648651766838403e-08
1.139801628722487286e-08
1.049960255354365126e-08
9.704310345434971425e-09
8.998551332902648364e-09
8.370751327098155077e-09
7.810668179981444720e-09
7.309128689888142976e-09
6.857995191875557151e-09
6.450200210529740343e-09
6.079786445702926851e-09
5.741872800232768839e-09
5.432516134236490396e-09
5.148518646010696405e-09
4.887242724137186318e-09
4.646459137628405350e-09
4.424225478092208688e-09
4.218789932411784834e-09
4.028536048096458277e-09
3.851973502403583545e-09
3.687753715753745497e-09
3.534672952536889181e-09
3.391665608361194134e-09
3.195024272354209575e-09
2.958912378679753904e-09
2.749923692741961920e-09
2.564095888301432133e-09
2.398109945227771385e-09
2.181938652504496512e-09
1.937773251368568898e-09
1.735551185868382142e-09
1.494005788819544564e-09
1.245397820421612995e-09
1.058308341304417594e-09
9.019005305617901988e-10
7.914504770933769315e-10
7.208215638994521607e-10
6.598910693741246390e-10
6.068827489799162415e-10
5.604240609205169908e-10
5.194264500317436141e-10
4.830457387120927610e-10
4.505495260482497120e-10
4.214143386413917162e-10
3.951860273999074158e-10
3.714270384341157461e-10
3.498218260439733294e-10
3.301483992215569716e-10
3.121906780549821012e-10
2.957325996371447886e-10
2.805648316384411210e-10
2.665411454983618174e-10
2.535712799267163459e-10
2.415693030930180536e-10
2.304492899945054853e-10
2.201253227554763005e-10
2.105114856981413446e-10
2.015219723071167748e-10
1.930811671297570847e-10
1.851477010237146859e-10
1.776927577567547566e-10
1.706877324798723826e-10
1.641040238990725693e-10
1.579130292015873641e-10
1.520861491893825182e-10
1.465947851457059496e-10
1.414103384100068636e-10
1.365042116593375251e-10
1.318478094724895314e-10
1.274136013208558185e-10
1.231840646469960164e-10
1.191505545432683351e-10
1.153051110043372333e-10
1.116397762297384308e-10
1.081465899361697731e-10
1.048175949209796630e-10
1.016448318541924420e-10
9.862034390729750292e-11
9.573617253890377219e-11
9.298436004303927500e-11
9.035694865290697747e-11
8.784598216590004765e-11
8.544350226971444926e-11
8.314155241425178018e-11
8.093217571507527389e-11
7.880741482352578330e-11
