2.953030606241167533e+00
1.667789952720065028e+00
1.216242812600201617e+00
8.725121601741884225e-01
5.465611282162561313e-01
2.861939954520454910e-01
1.310880606823840999e-01
7.023813333163089756e-02
6.048129834869221677e-02
6.086402050526210084e-02
5.290628765422715485e-02
3.885452746371852173e-02
2.781854388796038691e-02
2.408318367376160660e-02
2.477217963163024297e-02
2.454102126939906869e-02
2.074224436843387365e-02
1.470835683160317403e-02
9.440917159349894450e-03
6.739246287295521526e-03
6.203906962157976906e-03
6.261841598973859856e-03
5.736248405741402497e-03
4.559166447194250293e-03
3.371117086192047287e-03
2.710033162710302410e-03
2.573243615542170418e-03
2.574233424667404964e-03
2.367480727522991435e-03
1.909770661324209891e-03
1.399385367984881017e-03
1.043590520659332978e-03
8.933268954010244352e-04
8.530221027450157756e-04
8.007291229835833022e-04
6.880563948695858547e-04
5.486171465143225342e-04
4.393593693028452008e-04
3.837816882339020828e-04
3.615504675453236707e-04
3.151312108492704050e-04
2.105476220500327421e-04
1.446399661846584116e-04
1.188220568543097751e-04
8.704296999003711499e-05
5.741759731488696038e-05
3.222377061256336439e-05
1.834617120733960267e-05
8.461546431144777180e-06
2.977243688596892399e-06
1.186120605751358095e-06
5.142571789687498688e-07
2.797272981088573621e-07
1.953934271526153212e-07
1.442404948748858442e-07
1.114913959026701533e-07
8.855566410412484809e-08
7.193672131223956956e-08
5.946379039364106061e-08
4.978561471650283673e-08
4.209694058905804885e-08
3.589697153677034505e-08
3.084435355048946343e-08
2.668419741034891221e-08
2.322358172055639183e-08
2.032141773620517885e-08
1.787132535221477807e-08
1.578878958683059881e-08
1.400827992645946498e-08
1.247879016266799038e-08
1.115693233531294106e-08
1.000651316721884246e-08
9.001059827768347155e-09
8.120806025781679243e-09
7.348073629146661123e-09
6.667187196958021322e-09
6.065203685995939395e-09
5.530472318980566303e-09
5.052726030769957581e-09
4.624938495322373349e-09
4.242483140667710471e-09
3.900386640787016377e-09
3.593057382190617774e-09
3.315678898540416577e-09
3.064277753795759980e-09
2.835500037106049228e-09
2.627296843249874548e-09
2.438579613463848789e-09
2.267588970714011744e-09
2.111626483814389241e-09
1.968364044262962781e-09
1.836388646054752853e-09
1.714798513570397411e-09
1.603123352885732451e-09
1.501114718396935072e-09
1.407893177637165079e-09
1.321823688023138414e-09
1.241563056214188295e-09
1.166655396468530181e-09
1.097031737949826422e-09
1.032516386222594238e-09
9.726293007019235112e-10
9.162548965426498672e-10
-3.021839750865333140e-03
-1.416042809068027847e-02
-1.234788884702592987e-02
-2.387670009767597912e-03
6.096933245828748543e-03
7.990716731964065886e-03
4.514276899370700535e-03
6.317928234331813121e-05
-2.012038977872122533e-03
-1.425544772238095462e-03
-2.077907191995155694e-05
4.575035500624740855e-04
-2.521785033771506554e-04
-1.208066886446155022e-03
-1.452424621827836304e-03
-8.549753302981163375e-04
-1.725409446396659804e-05
4.092676423352475967e-04
2.599597634202550000e-04
-1.474897192657220659e-04
-4.037095827891640752e-04
-3.548453195381752251e-04
-1.417420066101386916e-04
8.053531019454473016e-06
-7.067686896378061307e-06
-1.184217441337180745e-04
-1.952936233039376268e-04
-1.714005600004885727e-04
-8.126437370255419883e-05
-3.936837530904547887e-06
1.278995569835254227e-05
-1.910019116544201369e-05
-5.518153361460767953e-05
-6.308777191669926246e-05
-4.366626800229571489e-05
-1.936235949620484722e-05
-9.333681503904602835e-06
-1.517099874681362046e-05
-2.516217791838677725e-05
-2.783047599504434729e-05
-1.603672321566120001e-05
-4.568101830681391853e-06
-8.324787199034802199e-06
-7.219760411228999976e-06
-3.348922974279198936e-06
-3.462903698627401526e-06
-1.390198652622118411e-06
-1.007405306799615896e-06
-4.202916117456659543e-07
-1.369712780136958531e-07
-4.546077976386362086e-08
-1.586964414027490774e-08
-6.926183466304730789e-09
-4.176302250851779347e-09
-2.755687629056847852e-09
-2.002512583446163328e-09
-1.483469292384172741e-09
-1.144678217334172199e-09
-9.206161209523341302e-10
-7.561553334422235931e-10
-6.265700149086821586e-10
-5.226933985807123686e-10
-4.397770383018398227e-10
-3.737871757307481942e-10
-3.209439456917177170e-10
-2.780734939087449339e-10
-2.427291568876123107e-10
-2.131253971776031646e-10
-1.879999767974207052e-10
-1.664624598658353480e-10
-1.478756803960354639e-10
-1.317659476130053482e-10
-1.177576026639544720e-10
-1.055460345944877251e-10
-9.488436342823246731e-11
-8.556207222464865143e-11
-7.739073824760518457e-11
-7.020714563066183004e-11
-6.387370906095294600e-11
-5.826988213957444268e-11
-5.329049727104091448e-11
-4.884991303644512494e-11
-4.487827357295577864e-11
-4.131485843305310068e-11
-3.810759211291525638e-11
-3.521427698004745443e-11
-3.259724371279237187e-11
-3.022210116948925380e-11
-2.806004024696870637e-11
-2.608867234310693744e-11
-2.428753563700778920e-11
-2.263808221021938679e-11
-2.112498418649472425e-11
-1.973502638481674050e-11
-1.845532435152278200e-11
-1.727499593919718184e-11
-1.618582184029970269e-11
-1.517957385189744642e-11
-1.424665360942087929e-11
-1.337660821785465158e-11
-1.255803723742917720e-11
-1.177298141578642593e-11
-1.100291614133199772e-11
3.562967443045754706e-04
4.679615898137622575e-04
3.021123706033938903e-04
1.224278087302353257e-04
2.544625690270312817e-04
6.315315059047392791e-04
9.041855780224128695e-04
8.301965167298121012e-04
5.021174764198656389e-04
2.187125778984111207e-04
1.842733595575182966e-04
3.459252073222903769e-04
4.918376213963909001e-04
4.705098484286743526e-04
3.107037851694076911e-04
1.573945492037354859e-04
1.202896582018060602e-04
1.867882678844824879e-04
2.600923371197097142e-04
2.604580423407103435e-04
1.882540738982848205e-04
1.044208706317975111e-04
6.516404483720967091e-05
7.714398468834143460e-05
1.050817825202897827e-04
1.117962239124836591e-04
8.896555680144811458e-05
5.584314952392021664e-05
3.577520072664585796e-05
3.588324616587561548e-05
4.561920448602594947e-05
5.007938494726515098e-05
4.312298584156899447e-05
2.976084701200981247e-05
1.897529586995272443e-05
1.546852256380142616e-05
1.722108854856578469e-05
1.906757356683014504e-05
1.766221530013159597e-05
1.350200147033615699e-05
8.260796014185904152e-06
7.422762912303955693e-06
6.768906042967520211e-06
3.903835364882165928e-06
2.900290194438320282e-06
2.193621995306939655e-06
1.158826516714746805e-06
6.456179812538059203e-07
2.911436895694409670e-07
9.556023283414629178e-08
3.309990820061123927e-08
1.197133273240168067e-08
5.435916303217218532e-09
3.333912406826172821e-09
2.225315949227141864e-09
1.588997741036395534e-09
1.196931671646414001e-09
9.337523613612524366e-10
7.476626935385935336e-10
6.103462665961863106e-10
5.055962761889706386e-10
4.238300153968694583e-10
3.588779333134895823e-10
3.065383246684424791e-10
2.638444568955706944e-10
2.286447586843147255e-10
1.993481095434295406e-10
1.747590918795670186e-10
1.539660895845362758e-10
1.362634542234173928e-10
1.210976192591718961e-10
1.080307813085756748e-10
9.671510664414762683e-11
8.687229254149805657e-11
7.827668250555637358e-11
7.074219619162599894e-11
6.411334191852953619e-11
5.825951617532009663e-11
5.307125515362449200e-11
4.845730689667824892e-11
4.434158353492115356e-11
4.065998782601313495e-11
3.735787198946021991e-11
3.438840432023887041e-11
3.171159934029848360e-11
2.929337662766864924e-11
2.710452193481996593e-11
2.511954651880895575e-11
2.331577932354059718e-11
2.167294997272544602e-11
2.017320361120747756e-11
1.880122600186303608e-11
1.754405988268672467e-11
1.639060129158484202e-11
1.533099806531572694e-11
1.435613277187016881e-11
1.345743487187186094e-11
1.262694652587873081e-11
1.185728162002552994e-11
1.114116080968671574e-11
1.047019918560638758e-11
9.833862754755715227e-12
9.216526561961433672e-12
1.976370861070697507e-06
2.001829188874569186e-06
2.073020203519181234e-06
2.196772374223942626e-06
2.247113087955752787e-06
2.137083435863428530e-06
1.920518249229805646e-06
1.721649422521536273e-06
1.608824558234730716e-06
1.550607924988432365e-06
1.474595666856548711e-06
1.347439634228101311e-06
1.196949792977302506e-06
1.071522114773614455e-06
9.906024394512421346e-07
9.337812065299522730e-07
8.686604266950367571e-07
7.826734745375391344e-07
6.894767226445496926e-07
6.106809516776710074e-07
5.551748299871055764e-07
5.146152190935640598e-07
4.747528731108259285e-07
4.287199789099137779e-07
3.804724428750328215e-07
3.381704481396954800e-07
3.058595701815250261e-07
2.809237228191513809e-07
2.578381344426121353e-07
2.333285055812058070e-07
2.082520559631971817e-07
1.855688368813968088e-07
1.671805733606775406e-07
1.525441630545631377e-07
1.396719542151809648e-07
1.270101016460015815e-07
1.144217219165560856e-07
1.027542664828764965e-07
9.276508689966020752e-08
8.445778609325797569e-08
7.384938404596202443e-08
6.093483823689490965e-08
5.023491561865685265e-08
4.208171047664634998e-08
3.524182197710108137e-08
2.721673465814528761e-08
1.959123399766226683e-08
1.435891603073384877e-08
9.460817905869588594e-09
5.689600336901635518e-09
3.656523760466425127e-09
2.405584797531243231e-09
1.719006330428370815e-09
1.361185107295595712e-09
1.095300941212887262e-09
8.935586349110110648e-10
7.377076951889188481e-10
6.154185852064677286e-10
5.181507940526840589e-10
4.398525682416684878e-10
3.761504467602016790e-10
3.238287404402135579e-10
2.804854818430193646e-10
2.442988731087627100e-10
2.138685495650208294e-10
1.881092858619929784e-10
1.661748179795967459e-10
1.473973453891587919e-10
1.312410332518940474e-10
1.172709797566267873e-10
1.051337964502761513e-10
9.454268159389601546e-11
8.526403904915643261e-11
7.710647814527572936e-11
6.991170500392266124e-11
6.354671233488552329e-11
5.789828619319311246e-11
5.287001099069249971e-11
4.838027825579714923e-11
4.436002773005110556e-11
4.075063180639109250e-11
3.750220327199395392e-11
3.457203405136287657e-11
3.192330352299820788e-11
2.952420195657852466e-11
2.734713935154964146e-11
2.536790075855193945e-11
2.356503116667927478e-11
2.191963967923141648e-11
2.041519517758621748e-11
1.903728662548554172e-11
1.777330748677530788e-11
1.661222551190304179e-11
1.554425822710356274e-11
1.456061942930544023e-11
1.365343204051254684e-11
1.281562632511077464e-11
1.204070286730482340e-11
1.132248389764681844e-11
1.065489347253217777e-11
1.003147224404798470e-11
9.444517536052470300e-12
8.883414678316403237e-12
1.999147659963243256e-07
1.570071160801715046e-07
1.180937479076631758e-07
9.018928355293107284e-08
7.145584978089977415e-08
5.828554453048248436e-08
4.853349301795552705e-08
4.099290913721632252e-08
3.500487025343692282e-08
3.018597766631547594e-08
2.627387426629361974e-08
2.308100908670466110e-08
2.045841866337515207e-08
1.828452190172084611e-08
1.646114920582721829e-08
1.491144768583586121e-08
1.357739649974048904e-08
1.241648651766838403e-08
1.139801628722487286e-08
1.049960255354365126e-08
9.704310345434971425e-09
8.998551332902648364e-09
8.370751327098155077e-09
7.810668179981444720e-09
7.309128689888142976e-09
6.857995191875557151e-09
6.450200210529740343e-09
6.079786445702926851e-09
5.741872800232768839e-09
5.432516134236490396e-09
5.148518646010696405e-09
4.887242724137186318e-09
4.646459137628405350e-09
4.424225478092208688e-09
4.218789932411784834e-09
4.028536048096458277e-09
3.851973502403583545e-09
3.687753715753745497e-09
3.534672952536889181e-09
3.391665608361194134e-09
3.195024272354209575e-09
2.958912378679753904e-09
2.749923692741961920e-09
2.564095888301432133e-09
2.398109945227771385e-09
2.181938652504496512e-09
1.937773251368568898e-09
1.735551185868382142e-09
1.494005788819544564e-09
1.245397820421612995e-09
1.058308341304417594e-09
9.019005305617901988e-10
7.914504770933769315e-10
7.208215638994521607e-10
6.598910693741246390e-10
6.068827489799162415e-10
5.604240609205169908e-10
5.194264500317436141e-10
4.830457387120927610e-10
4.505495260482497120e-10
4.214143386413917162e-10
3.951860273999074158e-10
3.714270384341157461e-10
3.498218260439733294e-10
3.301483992215569716e-10
3.121906780549821012e-10
2.957325996371447886e-10
2.805648316384411210e-10
2.665411454983618174e-10
2.535712799267163459e-10
2.415693030930180536e-10
2.304492899945054853e-10
2.201253227554763005e-10
2.105114856981413446e-10
2.015219723071167748e-10
1.930811671297570847e-10
1.851477010237146859e-10
1.776927577567547566e-10
1.706877324798723826e-10
1.641040238990725693e-10
1.579130292015873641e-10
1.520861491893825182e-10
1.465947851457059496e-10
1.414103384100068636e-10
1.365042116593375251e-10
1.318478094724895314e-10
1.274136013208558185e-10
1.231840646469960164e-10
1.191505545432683351e-10
1.153051110043372333e-10
1.116397762297384308e-10
1.081465899361697731e-10
1.048175949209796630e-10
1.016448318541924420e-10
9.862034390729750292e-11
9.573617253890377219e-11
9.298436004303927500e-11
9.035694865290697747e-11
8.784598216590004765e-11
8.544350226971444926e-11
8.314155241425178018e-11
8.093217571507527389e-11
7.880741482352578330e-11
