0.0
0.0
178.857152954
66.9232539043
32.6892140384
18.5791695138
11.6488759599
7.82492190193
5.53190833066
4.06815304689
3.08692894142
2.40298518078
1.91069248582
1.54663022946
1.27123798729
1.05879526408
0.892119913836
0.759361957615
0.652220355527
0.564742616228
0.492556848188
0.432438188771
0.381920811251
0.339144033021
0.302661036247
0.27134660732
0.244301343247
0.220817394744
0.200311352275
0.182327926741
0.166484142301
0.152468585398
0.140015072584
0.128917298535
0.118984521762
0.110075422596
0.102054590181
0.0948108531132
0.0882528916021
0.0823016721583
0.0768885645913
0.0719501341883
0.0674346516108
0.0633001031396
0.0595030341894
0.0560144452457
0.0527996811567
0.0498310068777
0.0470891613136
0.0445490661106
0.0421909733392
0.0400043679908
0.0379681306625
0.0360723332573
0.0343036531165
0.032652163645
0.0311088535698
0.0296617280971
0.0283073839511
0.027037220843
0.0258434621897
0.0247207290774
0.0236640908996
0.02266902199
0.0217313630288
0.0208458220226
0.0200090039565
0.019217775956
0.0184692437674
0.0177607306416
0.0170884941242
0.0164515718577
0.0158478286943
0.0152729556217
0.0147275599389
0.0142088172999
0.0137141363514
0.0132442767214
0.0127957955891
0.0123675356363
0.011960353513
0.0115702558705
0.0111991361977
0.0108432710293
0.0105036554379
0.0101785882911
0.00986733859387
0.00956921900231
0.00928358278533
0.0090098210285
0.00874736005769
0.0084949085633
0.00825347354691
0.00802108762619
0.00779804510184
0.00758391489709
0.00737761470669
0.00717946126726
0.00698844080084
0.00680424542205
0.00662782735274
0.00645700668289
0.00629275421684
0.006134200144
0.00598168447376
0.00583438635667
0.00569209390154
0.00555460549482
0.0054222629575
0.00529433037185
0.00517063439529
0.00505100981016
0.00493529907859
0.00482335192538
0.00471502494676
0.00461018124338
0.00450869007564
0.00441042654005
0.00431527126495
0.00422311012453
0.00413383396966
0.00404733837461
0.00396352339849
0.00388229336053
0.00380315126142
0.00372642755266
0.00365203765417
0.0035799004869
0.00350993830387
0.00344170186236
0.00337550571787
0.0033112808064
0.00324860292967
0.00318777699178
0.00312874147303
0.00307143726209
0.00301547032078
0.00296113303115
0.00290804499829
0.00285649231308
0.00280642577778
0.00275748423205
0.00270994469222
0.00266376300173
0.00261859571566
0.00257441423498
0.00253148370847
0.00248976560642
0.0024489378612
0.00240897605804
0.00237013400726
0.00233237795474
0.00229540515866
0.00225919471702
0.00222398963805
0.00218950038868
0.00215596477713
0.00212310163851
0.00209114371281
0.0020595708442
0.00202910786376
0.00199899822402
0.00196971173115
0.00194122502813
0.00191328333079
0.00188587318037
0.00185898152693
0.00183281966617
0.00180714606996
0.00178194896912
0.00175743308334
0.00173336616287
0.00170973758006
0.00168653701688
0.00166396079859
0.00164178816079
0.00162021146548
0.00159881599085
0.00157799412554
0.00155753572466
0.00153743257424
0.00151767668901
0.00149844895499
0.00147954907046
0.00146096979161
0.00144270407184
0.00142474505542
0.00140726479431
0.00139007429077
0.00137316731525
0.0013565378033
0.00134017985037
0.00132408770682
0.00130842358421
0.00129284468493
0.00127767964959
0.0012627555678
0.00124806747065
0.00123361051562
0.00121937998273
0.00120552756901
0.00119173464486
0.00117815470485
0.00116493520691
0.00115176706277
0.00113894822464
0.00112632307322
0.00111388780773
0.00110163871944
0.00108957218895
0.0010776846837
0.00106597275544
0.00105443303786
0.00104306224429
0.00103185716542
0.00102081466715
0.00100993168852
0.000999205239629
0.000988764006804
0.000978340725912
0.00096806542855
0.000957935389868
0.000948074864554
0.000938226281355
0.000928515162061
0.000918939019262
0.000909495421058
0.000900303389714
0.00089111673944
0.000882055670425
0.00087311795827
0.000864301427163
0.000855603948612
0.000847023440222
0.00083855786451
0.00083020522775
0.000821963578857
0.000813831008301
0.000805805647057
0.000797776126084
0.000789960642355
0.000782246982535
0.000774526583882
0.000767012333087
0.000759489746231
0.000752168275947
0.00074483696665
0.000737599346087
0.000730453869028
0.000723399021631
0.000716533451126
0.00070965464862
0.000702763574024
0.000696056708503
0.000689433348435
0.000682892153101
0.000676336307537
0.000669956265221
0.000663560484762
0.000657336508599
0.000651095771885
0.000644931088168
0.000638841265813
0.000632825136149
0.000626881552946
0.000621009391901
0.000615207550141
0.000609387137792
0.000603723362132
0.000598040204165
0.00059251029957
0.000586960251048
0.000581475563334
0.000576139247907
0.000570781730957
0.000565486677646
0.000560253155431
0.000554998655422
0.00054988605071
0.000544832274332
0.000539756602583
0.000534818466179
0.0005298578693
0.000524953831405
0.000520105529505
0.00051538924014
0.00051064946254
0.000505887028398
0.000501253729812
0.000496672266556
0.000492141899283
0.000487587957392
0.000483158120248
0.000478704292575
0.000474372159477
0.000470015648494
0.000465707019083
0.00046144560252
0.000457230741529
0.000453061790043
0.000448938112978
0.000444859086016
0.000440824095383
0.000436832537641
0.000432816054324
0.000428910035273
0.000424978810775
0.000421156018411
0.000417307762017
0.000413500367225
0.000409798456711
0.000406070729876
0.000402382249028
0.000398732491818
0.000395120944401
0.00039154710127
0.000388010465102
0.000384510546594
0.000381046864314
0.000377557392969
0.000374165153076
0.000370807747275
0.000367424312427
0.000364135600734
0.000360820717498
0.000357598937256
0.000354350857083
0.000351194300706
0.000348011329426
0.000344918342367
0.000341798838188
0.000338710640991
0.000335710188588
0.000332683086745
0.000329686128684
0.000326718937482
0.000323781141969
0.000320927537769
0.000318047117188
0.000315195015149
0.000312370882444
0.000309574375118
0.000306805154379
0.000304062886501
0.000301400184983
0.000298710535463
0.000296046869807
0.000293408873656
0.000290796237293
0.000288208655556
0.000285645827762
0.00028310745763
0.000280593253199
0.000278102926762
0.000275636194784
0.000273192777836
0.000270821838611
0.000268423953314
0.000266048570997
0.000263695427934
0.000261364264163
0.000259102903387
0.000256814668165
0.000254547656505
0.000252301622865
0.000250123358512
0.000247918301753
0.000245733509008
0.000243615018869
0.00024146981108
0.000239344182788
0.000237283437824
0.000235196059886
0.000233172645089
0.00023116745943
0.000229135736521
0.000227166633976
0.000225215152689
0.000223237238162
0.000221320643406
0.000219421086567
0.000217538379044
0.000215672334782
0.000213822770224
0.000211989504276
0.000210172358267
0.000208371155907
0.000206585723258
0.000204857517933
0.000203102898599
0.000201363542502
0.000199680278402
0.000197970747527
0.00019631657119
0.0001946362293
0.000193010519122
0.000191398712796
0.000189760896965
0.000188176655967
0.000186605879424
0.000185048425132
0.000183504152716
0.000181972923603
0.00018045460099
0.000178987450903
0.00017749434867
0.000176013754293
0.000174583375532
0.000173127223515
0.000171720664696
0.000170325740212
0.000168905224755
0.000167533391351
0.000166172836667
0.000164823445547
0.000163485104262
0.000162157700495
0.000160841123316
0.00015957113797
0.000158275715801
0.000156990796783
0.000155751641278
0.000154522444615
0.000153268074618
0.000152058663289
0.000150858914832
0.000149668733362
0.000148488024151
0.000147316693612
0.000146154649282
0.00014500179981
0.000143858054935
0.000142756915338
0.000141630958383
0.000140547124065
0.000139438610977
0.00013837174621
0.000137313167507
0.00013626279491
0.000135220549399
0.000134186352881
0.000133160128174
0.000132141799
0.000131131289966
0.000130160327271
0.00012916509323
0.000128177459317
0.00012722872933
0.000126287176846
0.000125321637159
0.000124394375779
0.000123474090716
0.00012256071674
0.000121654189365
0.000120754444835
0.000119891703447
0.00011900520369
0.000118155319814
0.000117281821814
0.00011644455862
0.000115583824782
0.000114758950733
0.000113940122327
0.000113127284428
0.000112320382507
0.000111519362644
0.000110724171513
0.000109934756377
0.000109151065079
0.000108401550257
0.000107629031417
0.000106890347043
0.000106128801884
0.00010540075441
0.000104677895124
0.000103960177949
0.000103247557304
0.000102539988106
0.000101837425752
0.000101139826122
0.000100447145568
9.9759340912e-05
9.90763694349e-05
9.84250662821e-05
9.77515239917e-05
9.71093465447e-05
9.64716176401e-05
9.5811860644e-05
9.51830219143e-05
9.45585168302e-05
9.39383081172e-05
9.33223588916e-05
9.27106326555e-05
9.21030932925e-05
9.14997050622e-05
9.09260239345e-05
9.03307292491e-05
8.97394813091e-05
8.91775300739e-05
8.85941719866e-05
8.80398420287e-05
8.7489224522e-05
8.69174050438e-05
8.63742181653e-05
8.58346507664e-05
8.52986726827e-05
8.47662540564e-05
8.42373653329e-05
8.37119772568e-05
8.31900608682e-05
8.26956970324e-05
8.21805441275e-05
8.16687783211e-05
8.11842004443e-05
8.06790331272e-05
8.02008149392e-05
7.97021392031e-05
7.92301770026e-05
7.87612593464e-05
7.82720801939e-05
7.7809267332e-05
7.73494253184e-05
7.68925302421e-05
7.64385584274e-05
7.59874864303e-05
7.55392910369e-05
7.50939492597e-05
7.4674018928e-05
7.42342309449e-05
7.37972294345e-05
7.33629922872e-05
7.29537396016e-05
7.25248822469e-05
7.21208002142e-05
7.16972386202e-05
7.12982458835e-05
7.09017269717e-05
7.04859143824e-05
7.00943660942e-05
6.97052338242e-05
6.93184988192e-05
6.89341425036e-05
6.8552146478e-05
6.81724925168e-05
6.77951625663e-05
6.74201387432e-05
6.70474033321e-05
6.6676938784e-05
6.63087277143e-05
6.5942752901e-05
6.55997304468e-05
6.52381020019e-05
6.48786595128e-05
6.45418954103e-05
6.41867013037e-05
6.38540058439e-05
6.35029965626e-05
6.31743083626e-05
6.28274215127e-05
6.25026803174e-05
6.21798545965e-05
6.185893008e-05
6.15200346442e-05
6.12029406646e-05
6.0887705481e-05
6.05743153383e-05
6.0262756606e-05
5.99530157766e-05
5.96450794649e-05
5.9338934406e-05
5.90345674543e-05
5.87319655825e-05
5.84311158798e-05
5.8132005551e-05
5.78346219155e-05
5.75389524054e-05
5.7244984565e-05
5.6971545846e-05
5.66808793421e-05
5.63918781366e-05
5.61231757808e-05
5.58374051377e-05
5.55532643736e-05
5.52891961169e-05
5.50082169938e-05
5.47471617297e-05
5.44692995157e-05
5.42112141895e-05
5.39545670153e-05
5.36812672355e-05
5.34275271324e-05
5.31572361014e-05
5.29063618569e-05
5.2656875179e-05
5.23909885982e-05
5.21443075941e-05
5.18989849072e-05
5.16550110546e-05
5.14123766348e-05
5.11710723264e-05
5.09136646355e-05
5.06750507912e-05
5.04377392801e-05
5.02017210962e-05
4.99669873096e-05
4.97335290659e-05
4.95013375857e-05
4.92704041635e-05
4.90407201672e-05
4.88122770371e-05
4.86019243932e-05
4.83758825117e-05
4.81510565155e-05
4.79274381265e-05
4.77050191353e-05
4.74837914013e-05
4.72802784171e-05
4.70613555446e-05
4.68436001696e-05
4.66270044162e-05
4.64278795879e-05
4.62135272372e-05
4.60003115215e-05
4.58043872714e-05
4.55933703059e-05
4.53834675478e-05
4.51906795944e-05
4.49829320212e-05
4.47921830856e-05
4.45865624039e-05
4.43978253915e-05
4.4194303764e-05
4.40075520195e-05
4.38061020564e-05
4.36213093558e-05
4.34219041062e-05
4.32390446482e-05
4.30416575916e-05
4.28607059896e-05
4.26806748419e-05
4.24862423024e-05
4.23080819159e-05
4.21156033221e-05
4.19392893102e-05
4.17638659375e-05
4.15742479466e-05
4.14006353113e-05
4.1227896035e-05
4.10560245205e-05
4.08701208555e-05
4.07000140068e-05
4.05307581801e-05
4.03623479531e-05
4.01947779461e-05
4.00133751616e-05
3.98475143411e-05
3.96824776472e-05
3.95182598674e-05
3.9354855829e-05
3.91922604e-05
3.90304684877e-05
3.88551161639e-05
3.86949594795e-05
3.85355910733e-05
3.83770060093e-05
3.82191993893e-05
3.80621663529e-05
3.79059020767e-05
3.77504017744e-05
3.75956606962e-05
3.74416741285e-05
3.72884373936e-05
3.71359458495e-05
3.69841948893e-05
3.68331799412e-05
3.6682896468e-05
3.65333399666e-05
3.63845059683e-05
3.62500383956e-05
3.61025959888e-05
3.59558630561e-05
3.58098352606e-05
3.56645082978e-05
3.55198778956e-05
3.53759398138e-05
3.52326898436e-05
3.51034559219e-05
3.49615309186e-05
3.48202817573e-05
3.46797043521e-05
3.45397946478e-05
3.44136886298e-05
3.42750643587e-05
3.41370959651e-05
3.39997795114e-05
3.38631110887e-05
3.37400388471e-05
3.36046177627e-05
3.34698333136e-05
3.3348522875e-05
3.32149636984e-05
3.30820300078e-05
3.29497180885e-05
3.28307198136e-05
3.26996043852e-05
3.25690998986e-05
3.24517907167e-05
3.23224617545e-05
3.21937331366e-05
3.20780830757e-05
3.1950509466e-05
3.18235258293e-05
3.17095055648e-05
3.1583656859e-05
3.14706956386e-05
3.13459688138e-05
3.12218152112e-05
3.11104364518e-05
3.09873853582e-05
3.08770348892e-05
3.07550737123e-05
3.06457395948e-05
3.05248559193e-05
3.04165263833e-05
3.02967079681e-05
3.01774341342e-05
3.00706061855e-05
2.99523794346e-05
2.98465272302e-05
2.97293357451e-05
2.96244480874e-05
2.95082802153e-05
2.94043460633e-05
2.92891903127e-05
2.91861987799e-05
2.90836586978e-05
2.89699841699e-05
2.88683707895e-05
2.87556804712e-05
2.86549832793e-05
2.8543266222e-05
2.84434748511e-05
2.83327202564e-05
2.8233824482e-05
2.81353574591e-05
2.80260114373e-05
2.79284250602e-05
2.7820015266e-05
2.77232996568e-05
2.76270008166e-05
2.75199612123e-05
2.74245186953e-05
2.73294859773e-05
2.7223794223e-05
2.71296036767e-05
2.70358161015e-05
2.6931450306e-05
2.68384910369e-05
2.67459280495e-05
2.66428667592e-05
2.65511184915e-05
2.64597599514e-05
2.63579821402e-05
2.6267425006e-05
2.61772511771e-05
2.60874585784e-05
2.59873507655e-05
2.58983423067e-05
2.58097088264e-05
2.57108371461e-05
2.56229751018e-05
2.55354819091e-05
2.54483555883e-05
2.53510924776e-05
2.52647211151e-05
2.5178710659e-05
2.50930591816e-05
2.49973708512e-05
2.4912458285e-05
2.48278988883e-05
2.47436907842e-05
2.4659832108e-05
2.45660594954e-05
2.44829203071e-05
2.44001249255e-05
2.43176715346e-05
2.42355583301e-05
2.41537835195e-05
2.40622393835e-05
2.39811616143e-05
2.39004168336e-05
2.38200032955e-05
2.37399192651e-05
2.36601630185e-05
2.35807328434e-05
2.34916981713e-05
2.34129399604e-05
2.33345026549e-05
2.32563845862e-05
2.31785840963e-05
2.31010995376e-05
2.30239292734e-05
2.29470716771e-05
2.28607929942e-05
2.27845800747e-05
2.27086749154e-05
2.2633075931e-05
2.25577815465e-05
2.24827901968e-05
2.24081003264e-05
2.233371039e-05
2.22596188517e-05
2.21858241855e-05
2.2112324875e-05
2.2039119413e-05
2.19662063022e-05
2.18935840542e-05
2.18212511903e-05
2.17492062408e-05
2.16680919197e-05
2.1596641218e-05
2.15254739935e-05
2.14545888131e-05
2.13839842527e-05
2.13136588973e-05
2.12436113401e-05
2.11738401836e-05
2.11043440386e-05
2.10351215245e-05
2.09661712693e-05
2.08974919094e-05
2.08381698217e-05
2.07700063757e-05
2.07021098628e-05
2.06344789522e-05
2.05671123212e-05
2.05000086552e-05
2.04331666477e-05
2.03665850001e-05
2.03002624219e-05
2.02341976301e-05
2.01683893499e-05
2.01028363139e-05
2.00375372625e-05
1.99724909439e-05
1.99076961136e-05
1.98431515349e-05
1.97788559783e-05
1.97235354499e-05
1.96597137444e-05
1.95961374895e-05
1.95328054848e-05
1.94697165373e-05
1.94068694608e-05
1.93442630765e-05
1.92818962124e-05
1.92197677037e-05
1.91664213865e-05
1.91047462266e-05
1.90433060384e-05
1.89820996842e-05
1.89211260332e-05
1.88603839611e-05
1.87998723503e-05
1.87479972637e-05
1.86879238334e-05
1.86280776186e-05
1.85684575276e-05
1.85090624752e-05
1.84498913825e-05
1.83909431771e-05
1.83404894538e-05
1.82819648783e-05
1.82236600753e-05
1.8165573997e-05
1.81077056015e-05
1.80582324006e-05
1.80007776402e-05
1.79435375375e-05
1.78865110746e-05
1.78296972394e-05
1.77811810565e-05
1.77247711495e-05
1.76685709316e-05
1.76125794139e-05
1.75648087556e-05
1.75092136259e-05
1.74538243245e-05
1.73986398847e-05
1.73516005816e-05
1.72968051622e-05
1.72422117978e-05
1.71878195436e-05
1.71336274601e-05
1.70874873188e-05
1.70336752517e-05
1.69800606277e-05
1.69344428246e-05
1.68812029839e-05
1.68281579047e-05
1.6775306684e-05
1.6730379653e-05
1.66778963373e-05
1.66256042586e-05
1.65811825627e-05
1.65292533601e-05
1.64775128166e-05
1.64259600639e-05
1.6382206788e-05
1.63310103005e-05
1.6279999083e-05
1.62367348086e-05
1.61860750225e-05
1.61355980276e-05
1.60928159749e-05
1.6042685658e-05
1.59927356945e-05
1.5950429198e-05
1.5900821238e-05
1.58513912336e-05
1.58095537399e-05
1.5760461142e-05
1.57115441415e-05
1.56701692068e-05
1.56215850916e-05
1.55731742539e-05
1.55322555421e-05
1.54841731429e-05
1.54362617393e-05
1.53957930198e-05
1.53482056809e-05
1.5308028355e-05
1.52607622382e-05
1.52136634124e-05
1.51739259729e-05
1.51271441133e-05
1.5087691506e-05
1.50412238468e-05
1.49949198731e-05
1.49558973222e-05
1.49099034072e-05
1.48711593061e-05
1.48254727581e-05
1.4779946386e-05
1.47416227781e-05
1.4696399742e-05
1.46583483751e-05
1.4613426055e-05
1.4568660494e-05
1.45310203155e-05
1.44865515467e-05
1.4449177568e-05
1.4405003041e-05
1.43678929098e-05
1.43240101013e-05
1.42802794282e-05
1.42435679043e-05
1.42001251699e-05
1.41636716778e-05
1.41205144254e-05
1.40843167005e-05
1.40414424993e-05
1.40054983013e-05
1.39629047461e-05
1.39272118584e-05
1.38848965691e-05
1.3849452799e-05
1.38074134206e-05
1.37722165984e-05
1.37304508005e-05
1.3688827811e-05
1.36540042562e-05
1.36126513545e-05
1.35780693816e-05
1.35369842979e-05
1.35026418171e-05
1.3461822305e-05
1.34277172485e-05
1.33871610849e-05
1.33532914066e-05
1.33129963914e-05
1.32793600667e-05
1.32458330313e-05
1.32059190481e-05
1.31726224095e-05
1.31329642133e-05
1.30998959992e-05
1.30604914677e-05
1.30276497263e-05
1.2988496759e-05
1.29558795589e-05
1.29169760768e-05
1.28845815065e-05
1.28459254519e-05
1.28137516199e-05
1.27753409557e-05
1.274338599e-05
1.27115334213e-05
1.2673480748e-05
1.26418443117e-05
1.26040320648e-05
1.25726099365e-05
1.25350361499e-05
1.2503826524e-05
1.24727162695e-05
1.24354903412e-05
1.24045899522e-05
1.23675976929e-05
1.23369054093e-05
1.23001449213e-05
1.2269659001e-05
1.22392695343e-05
1.22028471243e-05
1.2172661477e-05
1.21364662126e-05
1.21064826862e-05
1.20765935979e-05
1.20407296485e-05
1.2011040201e-05
1.19753988854e-05
1.19459074228e-05
1.19165084334e-05
1.18811918366e-05
1.18519884139e-05
1.18168900499e-05
1.17878805792e-05
1.17589616664e-05
1.17241815866e-05
1.16954542677e-05
1.16668163874e-05
1.16323508272e-05
1.16039022179e-05
1.15755419446e-05
1.15413871942e-05
1.15132139035e-05
1.14792681036e-05
1.14512802667e-05
1.14233789538e-05
1.13897378682e-05
1.1362019777e-05
1.13343871508e-05
1.13010472124e-05
1.12735956086e-05
1.12462284264e-05
1.12131861199e-05
1.11859977932e-05
1.11588928601e-05
1.11261447209e-05
1.1099216508e-05
1.10723706761e-05
1.10399132895e-05
1.10132420737e-05
1.09866522411e-05
1.09601434725e-05
1.09280649515e-05
1.09017280615e-05
1.08754712572e-05
1.08436757407e-05
1.08175887813e-05
1.07915809434e-05
1.07600651767e-05
1.07342251796e-05
1.07084633539e-05
1.06772241284e-05
1.06516281682e-05
1.06261094432e-05
1.06006676541e-05
1.05697887895e-05
1.05445102957e-05
1.05193078196e-05
1.04886982143e-05
1.04636571235e-05
1.04386911453e-05
1.04137999906e-05
1.03835412638e-05
1.03588090091e-05
1.03341506901e-05
1.03041541774e-05
1.02796529113e-05
1.02552247059e-05
1.02308692817e-05
1.02012144727e-05
1.01770136977e-05
1.01528848454e-05
1.01288276416e-05
1.0099509443e-05
1.00756045298e-05
1.00517704228e-05
1.00280068532e-05
9.99902026543e-06
9.97540667173e-06
9.95186278899e-06
9.92838835324e-06
9.89972846879e-06
9.87640173751e-06
9.8531436424e-06
9.82995392444e-06
9.80683232586e-06
9.77857168289e-06
9.75559502157e-06
9.73268568761e-06
9.70984342807e-06
9.68706799115e-06
9.65919929757e-06
9.63656609428e-06
9.6139989399e-06
9.59149758737e-06
9.56906179075e-06
9.54157791942e-06
9.51928171463e-06
9.49705030983e-06
9.47488346366e-06
9.44770425438e-06
9.42567492016e-06
9.40370940259e-06
9.38180746479e-06
9.35996887098e-06
9.33819338642e-06
9.31145841587e-06
9.28981741846e-06
9.26823880854e-06
9.24672235573e-06
9.22526783069e-06
9.19889724688e-06
9.17757474287e-06
9.15631346126e-06
9.13511317693e-06
9.11397366576e-06
9.09289470467e-06
9.06695105741e-06
9.04600124035e-06
9.02511128704e-06
9.00428097845e-06
8.98351009657e-06
8.96279842434e-06
8.93727264175e-06
8.91668731346e-06
8.89616052693e-06
8.87569206905e-06
8.85528172769e-06
8.83492929166e-06
8.8146345507e-06
8.78958372283e-06
8.76941216037e-06
8.74929764581e-06
8.72923997271e-06
8.70923893554e-06
8.68929432968e-06
8.66940595145e-06
8.64481847236e-06
8.62505020447e-06
8.60533753698e-06
8.58568026987e-06
8.56607820396e-06
8.54653114101e-06
8.5270388836e-06
8.50760123522e-06
8.48352837701e-06
8.46420745311e-06
8.44494053292e-06
8.42572742342e-06
8.40656793246e-06
8.38746186871e-06
8.3684090417e-06
8.34940926179e-06
8.32583687521e-06
8.30695055097e-06
8.28811668949e-06
8.2693351045e-06
8.25060561053e-06
8.23192802294e-06
8.21330215787e-06
8.19472783226e-06
8.17620486389e-06
8.15773307127e-06
8.13931227374e-06
8.12094229141e-06
8.09809127687e-06
8.07983007572e-06
8.06161913523e-06
8.04345827868e-06
8.02534733012e-06
8.00728611434e-06
7.98927445689e-06
7.9713121841e-06
7.95339912301e-06
7.93553510143e-06
7.91771994791e-06
7.8955053197e-06
7.87779486677e-06
7.86013275309e-06
7.84251881021e-06
7.82495287036e-06
7.80743476653e-06
7.7899643324e-06
7.77254140237e-06
7.75516581154e-06
7.73783739571e-06
7.72055599141e-06
7.70332143582e-06
7.68613356686e-06
7.6689922231e-06
7.65189724382e-06
7.63484846897e-06
7.61784573919e-06
7.60088889579e-06
7.58397778074e-06
7.56280294728e-06
7.54598994626e-06
7.52922218587e-06
7.51249951081e-06
7.49582176642e-06
7.47918879872e-06
7.46260045434e-06
7.4460565806e-06
7.42955702542e-06
7.4131016374e-06
7.39669026573e-06
7.38032276026e-06
7.36399897149e-06
7.34771875049e-06
7.33148194901e-06
7.31528841938e-06
7.29913801457e-06
7.28303058815e-06
7.26696599432e-06
7.25094408787e-06
7.23496472419e-06
7.21902775929e-06
7.20313304977e-06
7.18728045282e-06
7.17146982625e-06
7.15570102842e-06
7.1399739183e-06
7.12428835544e-06
7.10864419998e-06
7.09304131262e-06
7.07747955466e-06
7.06195878795e-06
7.04647887492e-06
7.03103967857e-06
7.01564106245e-06
7.00028289069e-06
6.98496502798e-06
6.96968733954e-06
6.95444969117e-06
6.93925194922e-06
6.92409398056e-06
6.90897565264e-06
6.89389683343e-06
6.87885739146e-06
6.86385719577e-06
6.84889611595e-06
6.83397402214e-06
6.81909078497e-06
6.80424627563e-06
6.78944036583e-06
6.77467292778e-06
6.75994383424e-06
6.74525295846e-06
6.73060017423e-06
6.71598535582e-06
6.70140837804e-06
6.68686911619e-06
6.67629699111e-06
6.66182658124e-06
6.64739353094e-06
6.63299771746e-06
6.61863901857e-06
6.60431731251e-06
6.59003247803e-06
6.57578439434e-06
6.56157294118e-06
6.54739799873e-06
6.53325944767e-06
6.51915716917e-06
6.50509104485e-06
6.49106095683e-06
6.47706678768e-06
6.46310842045e-06
6.44918573867e-06
6.43529862631e-06
6.42144696783e-06
6.41144471399e-06
6.39765768213e-06
6.3839057741e-06
6.37018887611e-06
6.35650687485e-06
6.34285965747e-06
6.32924711153e-06
6.31566912508e-06
6.30212558659e-06
6.28861638497e-06
6.27514140957e-06
6.2617005502e-06
6.24829369708e-06
6.23492074087e-06
6.22531377517e-06
6.21200254022e-06
6.19872489001e-06
6.18548071688e-06
6.17226991358e-06
6.15909237329e-06
6.14594798962e-06
6.13283665657e-06
6.1197582686e-06
6.10671272053e-06
6.09369990764e-06
6.08438944178e-06
6.07143618402e-06
6.05851536249e-06
6.04562687402e-06
6.03277061588e-06
6.01994648572e-06
6.00715438157e-06
5.9943942019e-06
5.98166584554e-06
5.96896921173e-06
5.9563042001e-06
5.94727949677e-06
5.93467196621e-06
5.92209577145e-06
5.90955081361e-06
5.89703699422e-06
5.88455421518e-06
5.87210237878e-06
5.85968138766e-06
5.84729114486e-06
5.83849160965e-06
5.82615722063e-06
5.81385330333e-06
5.80157976225e-06
5.78933650223e-06
5.77712342848e-06
5.76494044659e-06
5.7527874625e-06
5.74418194648e-06
5.73208341932e-06
5.72001462172e-06
5.70797546103e-06
5.69596584493e-06
5.68398568149e-06
5.67203487908e-06
5.66359435099e-06
5.65169682105e-06
5.63982839097e-06
5.62798897051e-06
5.61617846977e-06
5.60439679917e-06
5.5926438695e-06
5.58091959187e-06
5.57266379366e-06
5.56099146993e-06
5.54934754488e-06
5.53773193092e-06
5.52614454081e-06
5.51458528764e-06
5.5030540848e-06
5.49495540329e-06
5.48347503597e-06
5.47202247222e-06
5.46059762671e-06
5.44920041443e-06
5.43783075072e-06
5.4264885512e-06
5.4185434728e-06
5.40725101972e-06
5.39598579044e-06
5.38474770184e-06
5.37353667108e-06
5.36235261566e-06
5.35453577511e-06
5.3434005583e-06
5.33229208174e-06
5.32121026412e-06
5.31015502441e-06
5.29912628189e-06
5.2914352423e-06
5.28045445079e-06
5.26949992657e-06
5.25857159008e-06
5.24766936208e-06
5.23679316359e-06
5.22922554342e-06
5.21839642799e-06
5.20759311721e-06
5.19681553324e-06
5.18606359854e-06
5.17859626434e-06
5.16789070746e-06
5.15721057905e-06
5.14655580269e-06
5.13592630222e-06
5.12855768486e-06
5.11797386987e-06
5.10741511398e-06
5.09688134211e-06
5.08637247948e-06
5.07588845156e-06
5.06863718235e-06
5.05819802184e-06
5.04778348394e-06
5.0373934952e-06
5.02702798242e-06
5.01987207071e-06
5.0095507605e-06
4.99925371795e-06
4.98898087091e-06
4.97873214748e-06
4.97167011607e-06
4.96146494241e-06
4.95128368779e-06
4.94112628134e-06
4.93413741814e-06
4.92402305149e-06
4.91393233133e-06
4.90386518777e-06
4.89382155119e-06
4.88380135221e-06
4.87692275875e-06
4.86694483904e-06
4.85699015957e-06
4.84705865192e-06
4.84025098527e-06
4.83036126513e-06
4.82049452223e-06
4.81065068912e-06
4.80082969859e-06
4.79411055276e-06
4.78433074034e-06
4.77457357937e-06
4.76483900355e-06
4.75818884444e-06
4.74849497064e-06
4.73882349353e-06
4.72917434775e-06
4.71954746819e-06
4.71298342442e-06
4.70339665682e-06
4.69383197027e-06
4.68428930055e-06
4.6777923667e-06
4.66828934793e-06
4.65880816339e-06
4.64934874977e-06
4.64291811526e-06
4.63349789806e-06
4.62409927172e-06
4.61472217378e-06
4.60835703975e-06
4.59901869011e-06
4.58970169131e-06
4.58040598175e-06
4.57113150004e-06
4.56484815777e-06
4.55561186881e-06
4.54639663321e-06
4.53720239043e-06
4.53098278469e-06
4.52182630057e-06
4.51269063721e-06
4.50357573486e-06
4.49741910364e-06
4.48834153192e-06
4.4792845515e-06
4.47024810348e-06
4.46415369571e-06
4.45515415622e-06
4.44617498176e-06
4.44012576409e-06
4.43118318949e-06
4.42226081421e-06
4.41335858074e-06
4.40447643173e-06
4.3985042603e-06
4.38965819311e-06
4.38083204754e-06
4.37490399335e-06
4.36611362943e-06
4.35734302592e-06
4.34859212685e-06
4.34272358147e-06
4.33400806335e-06
4.32531209066e-06
4.31663560813e-06
4.31082586977e-06
4.30218437303e-06
4.2935622096e-06
4.28779516836e-06
4.27920770174e-06
4.27063941314e-06
4.26209024861e-06
4.2563808176e-06
4.24786596407e-06
4.2393700814e-06
4.23089311636e-06
4.22524062055e-06
4.21679758596e-06
4.20837331786e-06
4.20276215343e-06
4.1943715375e-06
4.18599953843e-06
4.17764610419e-06
4.17209072373e-06
4.16377057007e-06
4.15546883362e-06
4.14995394466e-06
4.14168521707e-06
4.13343476051e-06
4.12520252417e-06
4.11974229581e-06
4.11154270545e-06
4.10336119107e-06
4.09794063468e-06
4.08979150094e-06
4.08166030039e-06
4.07354698336e-06
4.06817999128e-06
4.06009870047e-06
4.05203515228e-06
4.04670703242e-06
4.03867525129e-06
4.03066107326e-06
4.0253714918e-06
4.01738882426e-06
4.00942362167e-06
4.00147583594e-06
3.99623830212e-06
3.98832168415e-06
3.98042234672e-06
3.97522257879e-06
3.9673541585e-06
3.95950288374e-06
3.95434055925e-06
3.9465199535e-06
3.9387163596e-06
3.93359115939e-06
3.92581798883e-06
3.91806169772e-06
3.91297330591e-06
3.90524719489e-06
3.89753783223e-06
3.88984517228e-06
3.88480651273e-06
3.87714370784e-06
3.86949747626e-06
3.86449489387e-06
3.85687827969e-06
3.84927811068e-06
3.84431130021e-06
3.83674051328e-06
3.8291860446e-06
3.82425470391e-06
3.81672938429e-06
3.80922025724e-06
3.80432408725e-06
3.79684387851e-06
3.78937973787e-06
3.7845184425e-06
3.77708299168e-06
3.76966348568e-06
3.76483677187e-06
3.75744572942e-06
3.75007050968e-06
3.74527808731e-06
3.73793110706e-06
3.73059982858e-06
3.72584141044e-06
3.71853814956e-06
3.71125047068e-06
3.70652577244e-06
3.69926589142e-06
3.69202147375e-06
3.68733021393e-06
3.68011337651e-06
3.67291188491e-06
3.66825378486e-06
3.661079658e-06
3.65392076056e-06
3.64929554441e-06
3.64216379827e-06
3.63504716625e-06
3.63045456086e-06
3.62336486875e-06
3.61629017656e-06
3.61172991152e-06
3.60468194988e-06
3.59764887501e-06
3.5931206826e-06
3.58611413094e-06
3.57912235398e-06
3.57462596912e-06
3.56766051e-06
3.563184148e-06
3.5562448748e-06
3.54932019379e-06
3.54487520921e-06
3.53797651197e-06
3.53109229764e-06
3.52667843227e-06
3.51982000148e-06
3.51297594531e-06
3.50859294351e-06
3.50177447258e-06
3.49741089068e-06
3.49061787762e-06
3.48383906282e-06
3.47950592966e-06
3.47275237751e-06
3.466012918e-06
3.46170998452e-06
3.45499559428e-06
3.44829519204e-06
3.44402221163e-06
3.43734668709e-06
3.43309254515e-06
3.42644177532e-06
3.41980482307e-06
3.41558023403e-06
3.4089678479e-06
3.40236917724e-06
3.39817390082e-06
3.39159960946e-06
3.38742276265e-06
3.38087273065e-06
3.37433624785e-06
3.37018832376e-06
3.36367591639e-06
3.35717695858e-06
3.35305772305e-06
3.34658265845e-06
3.34248145421e-06
3.33603016584e-06
3.3295921648e-06
3.32551926918e-06
3.31910486494e-06
3.3127036508e-06
3.3086588356e-06
3.30228104052e-06
3.29825386852e-06
3.2918993784e-06
3.28555792004e-06
3.28155845818e-06
3.27524012974e-06
3.27125807487e-06
3.264962764e-06
3.25868032894e-06
3.2547256198e-06
3.24846602994e-06
3.2422192224e-06
3.23829164006e-06
3.23206750695e-06
3.22815695945e-06
3.22195539116e-06
3.21576645297e-06
3.21188267706e-06
3.20571613549e-06
3.20184916789e-06
3.19570491501e-06
3.18957314228e-06
3.18573259665e-06
3.17962294695e-06
3.1757989867e-06
3.16971135374e-06
3.16363605319e-06
3.15983817077e-06
3.1537847238e-06
3.15000320735e-06
3.14397150928e-06
3.13795199807e-06
3.1341962207e-06
3.12819829769e-06
3.12445867031e-06
3.11848223238e-06
3.11251783793e-06
3.10880361617e-06
3.1028605485e-06
3.09916226418e-06
3.09324042173e-06
3.08955799266e-06
3.08365727449e-06
3.07776840354e-06
3.07411092475e-06
3.06824302305e-06
3.06460119157e-06
3.0587541597e-06
3.05291883664e-06
3.04930163423e-06
3.04348702828e-06
3.03988526848e-06
3.03409128169e-06
3.02830886735e-06
3.02473142037e-06
3.01896947473e-06
3.01540726886e-06
3.00966569544e-06
3.00611865278e-06
3.00039735565e-06
2.99468744428e-06
2.99116428258e-06
2.98547450014e-06
2.98196630449e-06
2.97629655649e-06
2.97063806258e-06
2.96715344315e-06
2.96151483848e-06
2.95804499099e-06
2.95242618246e-06
2.94897103187e-06
2.94337192693e-06
2.93993139867e-06
2.93435190528e-06
2.92878343553e-06
2.92536595194e-06
2.91981695235e-06
2.91641390229e-06
2.9108842822e-06
2.90536555929e-06
2.90198526196e-06
2.89648577921e-06
2.8931197295e-06
2.88763939758e-06
2.88428752364e-06
2.87882625374e-06
2.87337570791e-06
2.87004618797e-06
2.86461456764e-06
2.86129904152e-06
2.85588625917e-06
2.85258465656e-06
2.84719062517e-06
2.84390287618e-06
2.83852750924e-06
2.83316264947e-06
2.82989675592e-06
2.8245504276e-06
2.82129821064e-06
2.81597032853e-06
2.81273171975e-06
2.80742219908e-06
2.8041971305e-06
2.79890588699e-06
2.79362493922e-06
2.79042124089e-06
2.78515844069e-06
2.78196811029e-06
2.77672337461e-06
2.77354634558e-06
2.76831959183e-06
2.76515579801e-06
2.7599469441e-06
2.75679631974e-06
2.75160528401e-06
2.74642429328e-06
2.74329446502e-06
2.7381311669e-06
2.73501434144e-06
2.72986865547e-06
2.72676476843e-06
2.7216366146e-06
2.71854560197e-06
2.71343490072e-06
2.70833404465e-06
2.70526337113e-06
2.70017984525e-06
2.69712188393e-06
2.69205560983e-06
2.68901029805e-06
2.68396119775e-06
2.68092847323e-06
2.67589646919e-06
2.67287627002e-06
2.66786128515e-06
2.66485354976e-06
2.6598555074e-06
2.6548670312e-06
2.65187899853e-06
2.64690734686e-06
2.64393162191e-06
2.6389767192e-06
2.63601324169e-06
2.63107501279e-06
2.62812372281e-06
2.62320209299e-06
2.62026293098e-06
2.61535782593e-06
2.61243073267e-06
2.60754207848e-06
2.60462699511e-06
2.59975471832e-06
2.59489169831e-06
2.59199561383e-06
2.5871488581e-06
2.58426463417e-06
2.57943407027e-06
2.57656164925e-06
2.57174720512e-06
2.5688865297e-06
2.56408813371e-06
2.5612391469e-06
2.5564567278e-06
2.55361937294e-06
2.54885285988e-06
2.54602708065e-06
2.54127640318e-06
2.5384621436e-06
2.53372723163e-06
2.53092443602e-06
2.52620521989e-06
2.52149488702e-06
2.51871024331e-06
2.51401549896e-06
2.51124217794e-06
2.5065629534e-06
2.50380090056e-06
2.4991371275e-06
2.49638628861e-06
2.49173789906e-06
2.48899822023e-06
2.48436514662e-06
2.48163657425e-06
2.47701874936e-06
2.47430123016e-06
2.46969858716e-06
2.46699206816e-06
2.46240454056e-06
2.45970896908e-06
2.45513649077e-06
2.45245181445e-06
2.44789431968e-06
2.44522048645e-06
2.44067790981e-06
2.4380148679e-06
2.43348714437e-06
2.43083484231e-06
2.42632190719e-06
2.42368029379e-06
2.41918208276e-06
2.41655110714e-06
2.41206755622e-06
2.40944716778e-06
2.40497821332e-06
2.40236836176e-06
2.39791394048e-06
2.39531457578e-06
2.39087462472e-06
2.38828569714e-06
2.38386015371e-06
2.38128161379e-06
2.37687041571e-06
2.37430221429e-06
2.36990529962e-06
2.3673473878e-06
2.36296469496e-06
2.36041702413e-06
2.35604849183e-06
2.35351101365e-06
2.34915658097e-06
2.34662924737e-06
2.34228885369e-06
2.33977161688e-06
2.33544520191e-06
2.33293801436e-06
2.32862551815e-06
2.32612833261e-06
2.32182969551e-06
2.31934246498e-06
2.31505762767e-06
2.31258030544e-06
2.30830920891e-06
2.30584174851e-06
2.30158433408e-06
2.2991266893e-06
2.29488289859e-06
2.29243502349e-06
2.28820479844e-06
2.28576664735e-06
2.28154993018e-06
2.27912145766e-06
2.27491819095e-06
2.27249935183e-06
2.26830947841e-06
2.26590022777e-06
2.26172369081e-06
2.25932398398e-06
2.25516072694e-06
2.25277051949e-06
2.24862048614e-06
2.2462397339e-06
2.24210286828e-06
2.23973152733e-06
2.23560777379e-06
2.23324580044e-06
2.23088756834e-06
2.22678245445e-06
2.22443352781e-06
2.22034139109e-06
2.21800172682e-06
2.21392251263e-06
2.21159206788e-06
2.20752572187e-06
2.20520445402e-06
2.20115092212e-06
2.19883878879e-06
2.19479801721e-06
2.19249497627e-06
2.18846691151e-06
2.18617292104e-06
2.18215750988e-06
2.1798725282e-06
2.17586971769e-06
2.17359370334e-06
2.16960344083e-06
2.16733635259e-06
2.16507281593e-06
2.16110038256e-06
2.15884571341e-06
2.15488570035e-06
2.15263985803e-06
2.14869221357e-06
2.14645515765e-06
2.14251983032e-06
2.14029152056e-06
2.13636845918e-06
2.13414885559e-06
2.13023800923e-06
2.12802707201e-06
2.12412839003e-06
2.12192607962e-06
2.11972719249e-06
2.11584578865e-06
2.1136554721e-06
2.10978610984e-06
2.10760432482e-06
2.10374695438e-06
2.10157366207e-06
2.09772823394e-06
2.09556339572e-06
2.09172986067e-06
2.08957343813e-06
2.08575174715e-06
2.0836037021e-06
2.08145897364e-06
2.07765410089e-06
2.07551769565e-06
2.07172454824e-06
2.06959642852e-06
2.06581495832e-06
2.06369508663e-06
2.05992524575e-06
2.05781358481e-06
2.05405532562e-06
2.05195183834e-06
2.04820511344e-06
2.04610976294e-06
2.04401762617e-06
2.04028727478e-06
2.0382032224e-06
2.03448429045e-06
2.03240828607e-06
2.02870072698e-06
2.0266327344e-06
2.02293650187e-06
2.02087648506e-06
2.01881961332e-06
2.01513945615e-06
2.01309050906e-06
2.00942156618e-06
2.00738050821e-06
2.0037227341e-06
2.0016895299e-06
1.99804287927e-06
1.99601749369e-06
1.99238192148e-06
1.99036431954e-06
1.98834978075e-06
1.98472992784e-06
1.98272312306e-06
1.97911423939e-06
1.9771151341e-06
1.9735171754e-06
1.97152573526e-06
1.96793865748e-06
1.96595484835e-06
1.96397403742e-06
1.96040239557e-06
1.95842916719e-06
1.95486829951e-06
1.95290261997e-06
1.94935248318e-06
1.94739431896e-06
1.94385486998e-06
1.94190418773e-06
1.9399564403e-06
1.93643215024e-06
1.93449183746e-06
1.93097813085e-06
1.92904521981e-06
1.92554205431e-06
1.92361651225e-06
1.92012384575e-06
1.91820564011e-06
1.91629030747e-06
1.91281252905e-06
1.91090448663e-06
1.90743710516e-06
1.9055363208e-06
1.90207929487e-06
1.90018573659e-06
1.89829500451e-06
1.89485266097e-06
1.89296910962e-06
1.88953702133e-06
1.88766061912e-06
1.88423874537e-06
1.8823694609e-06
1.88050295672e-06
1.87709556322e-06
1.87523613225e-06
1.8718388547e-06
1.86998646593e-06
1.86659926433e-06
1.86475388691e-06
1.86137672146e-06
1.8595383247e-06
1.85770265014e-06
1.85433970916e-06
1.85251097178e-06
1.84915797052e-06
1.84733614001e-06
1.84399303934e-06
1.84217808556e-06
1.84036581002e-06
1.83703673952e-06
1.835231298e-06
1.8319120333e-06
1.83011339605e-06
1.82831740646e-06
1.82501203609e-06
1.82322280861e-06
1.81992715039e-06
1.81814465563e-06
1.81485867156e-06
1.81308288029e-06
1.8113096941e-06
1.80803741568e-06
1.80627089159e-06
1.80300819524e-06
1.80124830437e-06
1.79799515272e-06
1.79624186637e-06
1.7944911433e-06
1.79125151182e-06
1.78950735261e-06
1.7862771753e-06
1.78453955159e-06
1.78280446209e-06
1.77958767528e-06
1.77785908114e-06
1.77465165907e-06
1.77292953228e-06
1.76973143862e-06
1.76801575133e-06
1.76630255778e-06
1.76311767446e-06
1.76141088097e-06
1.75823523813e-06
1.7565348172e-06
1.75483686184e-06
1.75167430339e-06
1.74998268165e-06
1.74682927676e-06
1.74514396149e-06
1.743461084e-06
1.74032063904e-06
1.73864402957e-06
1.7355126523e-06
1.73384228401e-06
1.73071993956e-06
1.72905578578e-06
1.72739403106e-06
1.72428447359e-06
1.72262889561e-06
1.71952828651e-06
1.71787885889e-06
1.71623180342e-06
1.71314386039e-06
1.711502918e-06
1.70842383987e-06
1.70678898452e-06
1.70515647473e-06
1.7020899432e-06
1.70046348363e-06
1.69740573452e-06
1.69578529945e-06
1.6941671837e-06
1.69112186311e-06
1.6895097355e-06
1.68647311582e-06
1.68486695095e-06
1.68326307951e-06
1.68023877166e-06
1.67864082704e-06
1.67562513955e-06
1.67403309666e-06
1.67244332164e-06
1.66943983068e-06
1.66785592193e-06
1.6648609717e-06
1.66328290442e-06
1.66170707979e-06
1.65872421213e-06
1.65715419395e-06
1.65417978833e-06
1.65261555212e-06
1.64964957655e-06
1.64809109797e-06
1.64653482687e-06
1.64358077545e-06
1.64203022755e-06
1.64048187279e-06
1.63753968002e-06
1.63599701428e-06
1.63306312888e-06
1.63152612829e-06
1.62999129656e-06
1.62706915979e-06
1.62553995945e-06
1.62262605405e-06
1.62110246151e-06
1.61958101387e-06
1.61667874838e-06
1.6151628752e-06
1.61226876595e-06
1.61075844393e-06
1.60925024314e-06
1.60636766633e-06
1.60486498376e-06
1.60199048894e-06
1.60049330156e-06
1.59899821207e-06
1.59613514346e-06
1.59464551663e-06
1.59315797417e-06
1.59030626969e-06
1.5888241576e-06
1.58598041877e-06
1.58450371447e-06
1.58302907165e-06
1.58019659267e-06
1.57872732573e-06
1.57590274033e-06
1.57443882696e-06
1.57297695247e-06
1.57016352382e-06
1.56870697139e-06
1.56725244476e-06
1.56445011264e-06
1.56300087678e-06
1.56020632531e-06
1.55876235833e-06
1.557320395e-06
1.55453683885e-06
1.55310011349e-06
1.55032426801e-06
1.54889275899e-06
1.54746323176e-06
1.54469828154e-06
1.54327394011e-06
1.54185156782e-06
1.5390974544e-06
1.53768023759e-06
1.53493372521e-06
1.53352164267e-06
1.53211150783e-06
1.529375734e-06
1.52797070347e-06
1.52656760824e-06
1.52384251556e-06
1.5224444949e-06
1.51972689559e-06
1.51833392869e-06
1.51694287607e-06
1.51423586143e-06
1.51284983318e-06
1.51146570708e-06
1.50876922073e-06
1.50739008982e-06
1.50470099111e-06
1.50332683495e-06
1.50195456034e-06
1.49927589517e-06
1.4979085665e-06
1.49654310746e-06
1.49387482048e-06
1.49251427875e-06
1.48985327554e-06
1.48849763107e-06
1.48714383604e-06
1.48449311797e-06
1.48314419192e-06
1.48050069323e-06
1.47915661634e-06
1.47781436896e-06
1.47518106339e-06
1.47384363722e-06
1.47250802903e-06
1.46988486284e-06
1.46855404812e-06
1.46722503993e-06
1.46461195972e-06
1.46328771744e-06
1.46068171874e-06
1.45936222306e-06
1.4580445145e-06
1.455448512e-06
1.45413552282e-06
1.45282430954e-06
1.4502382508e-06
1.44893172985e-06
1.44762697368e-06
1.44505080659e-06
1.44375071589e-06
1.44118149576e-06
1.43988605172e-06
1.43859235356e-06
1.43603293748e-06
1.43474385944e-06
1.43345651636e-06
1.43090685315e-06
1.42962410384e-06
1.42834307866e-06
1.42580311746e-06
1.42452665988e-06
1.42199351433e-06
1.420721606e-06
1.4194514034e-06
1.41692787437e-06
1.41566219516e-06
1.41439821106e-06
1.4118842486e-06
1.41062476221e-06
1.40811752157e-06
1.40686251487e-06
1.40560918523e-06
1.40311142717e-06
1.40186255185e-06
1.40061534317e-06
1.39812701861e-06
1.39688423904e-06
1.39564311577e-06
1.39316417595e-06
1.39192745675e-06
1.39069238359e-06
1.38822278009e-06
1.38699208614e-06
1.38452904491e-06
1.38330271272e-06
1.38207800912e-06
1.37962422274e-06
1.37840385634e-06
1.37718510845e-06
1.37474052933e-06
1.37352609424e-06
1.37231326766e-06
1.36987784852e-06
1.36866931049e-06
1.36746237107e-06
1.36503606493e-06
1.36383338998e-06
1.36263230377e-06
1.36021506396e-06
1.35901821833e-06
1.35782295165e-06
1.35541473181e-06
1.35422368196e-06
1.35303420134e-06
1.35063495541e-06
1.34944966804e-06
1.34705673314e-06
1.34587562246e-06
1.34469606451e-06
1.34231202599e-06
1.34113662142e-06
1.33996276004e-06
1.33758757264e-06
1.33641784149e-06
1.33524964408e-06
1.33288326281e-06
1.33171917263e-06
1.33055660679e-06
1.32819898696e-06
1.32704050551e-06
1.32588353907e-06
1.32353463628e-06
1.32238173154e-06
1.32123033256e-06
1.31889010268e-06
1.31774274287e-06
1.31540861529e-06
1.31426527881e-06
1.31312343235e-06
1.31079790341e-06
1.30966005801e-06
1.30852369354e-06
1.30620671989e-06
1.30507433435e-06
1.30394342072e-06
1.30163495926e-06
1.30050800259e-06
1.29938250886e-06
1.29708251678e-06
1.29596095819e-06
1.29484085364e-06
1.2925492884e-06
1.2914330973e-06
1.29031835143e-06
1.28803517074e-06
1.28692431677e-06
1.28581489926e-06
1.28354006112e-06
1.28243451412e-06
1.28133039487e-06
1.27906385753e-06
1.27796358755e-06
1.27686473665e-06
1.27460645865e-06
1.27351143592e-06
1.27241782369e-06
1.27016776379e-06
1.26907795876e-06
1.26798955571e-06
1.26574767297e-06
1.26466305628e-06
1.26357983311e-06
1.26134608683e-06
1.26026662933e-06
1.25918855693e-06
1.25696290666e-06
1.25588857939e-06
1.25481562888e-06
1.25259803443e-06
1.25152880863e-06
1.25046095128e-06
1.24825137273e-06
1.24718721981e-06
1.24612442712e-06
1.24392282477e-06
1.24286371636e-06
1.24180596001e-06
1.23961229442e-06
1.23855820233e-06
1.23750545418e-06
1.23531968616e-06
1.2342705824e-06
1.2332228145e-06
1.23104490511e-06
1.23000076185e-06
1.22895794645e-06
1.22678785698e-06
1.2257486466e-06
1.22471075613e-06
1.22254844811e-06
1.22151414317e-06
1.22048115023e-06
1.21832658545e-06
1.21729715868e-06
1.21626903608e-06
1.21412217654e-06
1.21309760086e-06
1.21207432157e-06
1.20993512953e-06
1.20891537805e-06
1.20789691522e-06
1.20576535314e-06
1.20475039914e-06
1.20373672611e-06
1.20161275672e-06
1.20060257366e-06
1.19959366393e-06
1.19747725018e-06
1.19647181168e-06
1.19546763895e-06
1.19335874399e-06
1.19235802387e-06
1.19135856199e-06
1.18925714924e-06
1.18826112147e-06
1.18726634448e-06
1.18627281616e-06
1.1841810163e-06
1.18319089839e-06
1.18110434114e-06
1.18011762072e-06
1.17913213628e-06
1.17814788575e-06
1.17607084768e-06
1.17508997124e-06
1.17411032141e-06
1.17204061066e-06
1.17106431694e-06
1.17008924257e-06
1.16802682371e-06
1.16705508758e-06
1.1660845636e-06
1.16402940143e-06
1.16306219794e-06
1.16209619943e-06
1.16004825895e-06
1.1590855633e-06
1.15812406553e-06
1.15608331196e-06
1.15512509951e-06
1.15416807789e-06
1.15213447666e-06
1.15118072295e-06
1.15022815305e-06
1.149276765e-06
1.14725235053e-06
1.14630420809e-06
1.14535724055e-06
1.14333989967e-06
1.14239616058e-06
1.14145358949e-06
1.13944328833e-06
1.13850392865e-06
1.13756573011e-06
1.13556243499e-06
1.13462743092e-06
1.13369358119e-06
1.13276088388e-06
1.13076658655e-06
1.12983706202e-06
1.12784767877e-06
1.12692131517e-06
1.12599609241e-06
1.12507200863e-06
1.12309153696e-06
1.12217059269e-06
1.12125078073e-06
1.11927717257e-06
1.11836048365e-06
1.11744492042e-06
1.11547814317e-06
1.11456568661e-06
1.11365434917e-06
1.11274412903e-06
1.11078612338e-06
1.10987898894e-06
1.10897296528e-06
1.10702171625e-06
1.10611876216e-06
1.10521691237e-06
1.103272388e-06
1.10237359176e-06
1.10147589339e-06
1.09953806189e-06
1.09864340114e-06
1.09774983189e-06
1.09581866167e-06
1.0949281142e-06
1.09403865188e-06
1.09315027296e-06
1.0912276553e-06
1.09034227789e-06
1.08945797759e-06
1.08754194926e-06
1.08666063488e-06
1.08578039135e-06
1.08387092139e-06
1.08299364829e-06
1.08211743983e-06
1.08021449745e-06
1.07934124402e-06
1.07846904908e-06
1.07759791091e-06
1.07570334844e-06
1.07483514557e-06
1.07396799338e-06
1.07207988836e-06
1.07121565628e-06
1.07035246881e-06
1.06847079105e-06
1.06761050861e-06
1.06675126474e-06
1.06589305777e-06
1.06401963042e-06
1.06316430917e-06
1.06231001884e-06
1.06044294999e-06
1.05959153052e-06
1.05874113604e-06
1.05688039609e-06
1.05603285768e-06
1.05518633835e-06
1.05434083648e-06
1.05248821995e-06
1.05164555524e-06
1.05080390214e-06
1.04895754708e-06
1.04811871658e-06
1.04728089186e-06
1.04544076925e-06
1.04460575266e-06
1.04377173609e-06
1.04293871795e-06
1.04110659424e-06
1.04027636569e-06
1.03944712985e-06
1.03762117246e-06
1.03679471195e-06
1.03596923845e-06
1.0351447504e-06
1.03332670656e-06
1.03250497558e-06
1.03168422441e-06
1.02987228166e-06
1.02905427349e-06
1.02823723953e-06
1.02643136977e-06
1.02561706484e-06
1.02480372854e-06
1.02300390385e-06
1.02219328269e-06
1.02138362465e-06
1.02057492819e-06
1.01878286053e-06
1.01797686144e-06
1.01717181845e-06
1.01636773005e-06
1.01458337291e-06
1.01378196425e-06
1.01298150474e-06
1.01120309349e-06
1.01040530012e-06
1.00960845051e-06
1.00783595795e-06
1.00704176098e-06
1.0062485024e-06
1.00545618075e-06
1.00369128214e-06
1.00290159584e-06
1.00211284115e-06
1.00035379931e-06
9.99567666654e-07
9.98782460317e-07
9.9799817884e-07
9.96246651043e-07
9.95464974581e-07
9.94684217738e-07
9.92938485604e-07
9.92160320647e-07
9.91383070102e-07
9.90606732537e-07
9.88868435603e-07
9.88094673134e-07
9.87321818481e-07
9.85589256915e-07
9.84818964413e-07
9.84049574597e-07
9.83281086057e-07
9.81555881893e-07
9.8078993895e-07
9.80024892195e-07
9.78305363901e-07
9.77542849977e-07
9.76781227188e-07
9.75067349131e-07
9.74308246485e-07
9.73550029951e-07
9.7279269815e-07
9.71086067644e-07
9.70331239764e-07
9.69577291637e-07
9.68824221896e-07
9.67124796272e-07
9.66374214358e-07
9.6562450589e-07
9.63930639477e-07
9.63183406423e-07
9.62437041908e-07
9.61691544586e-07
9.60004808299e-07
9.59261770521e-07
9.5851959507e-07
9.56838360807e-07
9.56098632658e-07
9.55359761999e-07
9.54621747506e-07
9.52947569596e-07
9.52211986756e-07
9.51477255284e-07
9.50743373869e-07
9.49076211069e-07
9.48344745781e-07
9.47614125792e-07
9.45952377015e-07
9.45224161174e-07
9.44496785906e-07
9.43770249917e-07
9.42115443983e-07
9.41391296832e-07
9.40667984272e-07
9.39018537067e-07
9.3829760153e-07
9.37577495927e-07
9.36858218983e-07
9.35215643299e-07
9.34498728279e-07
9.337826373e-07
9.32145365769e-07
9.3143162506e-07
9.30718703801e-07
9.30006600737e-07
9.28376130331e-07
9.27666362647e-07
9.26957408606e-07
9.26249266965e-07
9.24625558327e-07
9.2391973729e-07
9.23214724137e-07
9.21596235655e-07
9.20893531701e-07
9.20191631144e-07
9.19490532758e-07
9.17878737073e-07
9.17179933314e-07
9.16481927277e-07
9.15784717747e-07
9.141795763e-07
9.13484646937e-07
9.12790509668e-07
9.11190506067e-07
9.10498637802e-07
9.09807557242e-07
9.09117263192e-07
9.07523846247e-07
9.06835806939e-07
9.06148549791e-07
9.04560218962e-07
9.03875205544e-07
9.03190969961e-07
9.02507511035e-07
9.00925700147e-07
9.00244470884e-07
8.9956401399e-07
8.98884328298e-07
8.97309000055e-07
8.96631530066e-07
8.95954827024e-07
8.94384505267e-07
8.93710007149e-07
8.9303627175e-07
8.9236329792e-07
8.90799393428e-07
8.90128610753e-07
8.89458585453e-07
8.88789316389e-07
8.87231792612e-07
8.86564701039e-07
8.85898361542e-07
8.8523277299e-07
8.83681593642e-07
8.83018169022e-07
8.82355491222e-07
8.8169355912e-07
8.80148688178e-07
8.79488906552e-07
8.78829866532e-07
8.77289868646e-07
8.76632968707e-07
8.75976806306e-07
8.75321380337e-07
8.73787627702e-07
8.73134328541e-07
8.72481761778e-07
8.70952833838e-07
8.70302383626e-07
8.69652661802e-07
8.69003667278e-07
8.67480922234e-07
8.66834031166e-07
8.6618786342e-07
8.65542417918e-07
8.64025820909e-07
8.63382465868e-07
8.62739829123e-07
8.62097909608e-07
8.60587426025e-07
8.59947584073e-07
8.59308455434e-07
8.58670039048e-07
8.5716563453e-07
8.56529282908e-07
8.55893639656e-07
8.54393932534e-07
8.53760344153e-07
8.5312746028e-07
8.52495279872e-07
8.51001591562e-07
8.50371453397e-07
8.49742014867e-07
8.49113274938e-07
8.47625571751e-07
8.46998861532e-07
8.46372846113e-07
8.45747524468e-07
8.44265772961e-07
8.43642468588e-07
8.4301985422e-07
8.42397928839e-07
8.40922095802e-07
8.40302175348e-07
8.39682940142e-07
8.39064389173e-07
8.37594441636e-07
8.36977883343e-07
8.36362005577e-07
8.35746807338e-07
8.34282712563e-07
8.3366949484e-07
8.33056952963e-07
8.32445085939e-07
8.3098681142e-07
8.30376912843e-07
8.29767685468e-07
8.28313910034e-07
8.27706641771e-07
8.27100041081e-07
8.26494106985e-07
8.25046094794e-07
8.24442107902e-07
8.23838784003e-07
8.23236122127e-07
8.21793841305e-07
8.21193114813e-07
8.20593046772e-07
8.19993636219e-07
8.18557055117e-07
8.17959568215e-07
8.17362735258e-07
8.1676655529e-07
8.15335642481e-07
8.1474137452e-07
8.14147756032e-07
8.13554786072e-07
8.1212951035e-07
8.11538440837e-07
8.10948016362e-07
8.10358235987e-07
8.08938566365e-07
8.08350674965e-07
8.07763424202e-07
8.07176813146e-07
8.05762718855e-07
8.05177985387e-07
8.0459388819e-07
8.04010426343e-07
8.02601876827e-07
8.02020281264e-07
8.01439317641e-07
8.00858985043e-07
7.99455949961e-07
7.98877472429e-07
7.98299622539e-07
7.97722399385e-07
7.96324848608e-07
7.95749469382e-07
7.95174713535e-07
7.94600580168e-07
7.93208483775e-07
7.92636183282e-07
7.92064501938e-07
7.91493438851e-07
7.9010676713e-07
7.89537525943e-07
7.88968899709e-07
7.88400887542e-07
7.87019610988e-07
7.86453409829e-07
7.85887819459e-07
7.85322838999e-07
7.8394692831e-07
7.83383748045e-07
7.82821174438e-07
7.82259206617e-07
7.80888632695e-07
7.80328454336e-07
7.79768878535e-07
7.79209904428e-07
7.77844638376e-07
7.77287443076e-07
7.76730846267e-07
7.76174847093e-07
7.74814860212e-07
7.74260629268e-07
7.73706992779e-07
7.73153949897e-07
7.71799213687e-07
7.71247928534e-07
7.70697233833e-07
7.70147128741e-07
7.68797614899e-07
7.68249257113e-07
7.67701485807e-07
7.67154300144e-07
7.65809980559e-07
7.65264531855e-07
7.64719665687e-07
7.64175381228e-07
7.62836227984e-07
7.62293670212e-07
7.61751691065e-07
7.61210289721e-07
7.59876275092e-07
7.59336590238e-07
7.58797480128e-07
7.58258943946e-07
7.56930040397e-07
7.56393210581e-07
7.55856951658e-07
7.55321262819e-07
7.54786143257e-07
7.53463450479e-07
7.52930025027e-07
7.52397165845e-07
7.51078402599e-07
7.50547229754e-07
7.50016620189e-07
7.49486573107e-07
7.48957087715e-07
7.47644468806e-07
7.47116657674e-07
7.46589405269e-07
7.46062710803e-07
7.44755088612e-07
7.44230058588e-07
7.43705583564e-07
7.43181662759e-07
7.41879010715e-07
7.41356744604e-07
7.40835029795e-07
7.40313865511e-07
7.39016157227e-07
7.3849663796e-07
7.37977666324e-07
7.37459241549e-07
7.36166450815e-07
7.3564966145e-07
7.35133416073e-07
7.34617713923e-07
7.34102554235e-07
7.32815738424e-07
7.32302202517e-07
7.31789206228e-07
7.31276748801e-07
7.2999479278e-07
7.29483949678e-07
7.28973642612e-07
7.28463870834e-07
7.2718674896e-07
7.2667858212e-07
7.26170947763e-07
7.25663845146e-07
7.24391531949e-07
7.23886024948e-07
7.23381046905e-07
7.22876597081e-07
7.21609067263e-07
7.21106203801e-07
7.20603865798e-07
7.20102052521e-07
7.1960076324e-07
7.18339044847e-07
7.17839330729e-07
7.1734013787e-07
7.16841465546e-07
7.15584474778e-07
7.15087368509e-07
7.14590780058e-07
7.14094708708e-07
7.1284242081e-07
7.1234790647e-07
7.11853906535e-07
7.11360420291e-07
7.10867447027e-07
7.09620872458e-07
7.09129445261e-07
7.08638528372e-07
7.08148121086e-07
7.06906194831e-07
7.0641732471e-07
7.0592896154e-07
7.05441104621e-07
7.04203802453e-07
7.0371747386e-07
7.03231648886e-07
7.02746326837e-07
7.02261507019e-07
7.0102982219e-07
7.00546520003e-07
7.00063717439e-07
6.9958141381e-07
6.98354299678e-07
6.97873504979e-07
6.97393206628e-07
6.9691340394e-07
6.95690836793e-07
6.95212534396e-07
6.94734725094e-07
6.9425740821e-07
6.93780583067e-07
6.92563539322e-07
6.92088204017e-07
6.91613357908e-07
6.91139000324e-07
6.8992645131e-07
6.89453575059e-07
6.88981184805e-07
6.88509279884e-07
6.87301202393e-07
6.86830770359e-07
6.86360821149e-07
6.85891354103e-07
6.8468772508e-07
6.84219722534e-07
6.83752199662e-07
6.8328515581e-07
6.82818590323e-07
6.8162036467e-07
6.81155253537e-07
6.80690618303e-07
6.80226458318e-07
6.79762772934e-07
6.78569916433e-07
6.78107675345e-07
6.77645906414e-07
6.77184608996e-07
6.7599612247e-07
6.75536261162e-07
6.75076868941e-07
6.74617945168e-07
6.73433806228e-07
6.72976310435e-07
6.72519280683e-07
6.72062716337e-07
6.71606616768e-07
6.70427758302e-07
6.69973076879e-07
6.69518857844e-07
6.6906510057e-07
6.67890540349e-07
6.67438193217e-07
6.66986305476e-07
6.66534876504e-07
6.66083905681e-07
6.64914565829e-07
6.64464995467e-07
6.64015880904e-07
6.63567221525e-07
6.62402131292e-07
6.61954864491e-07
6.61508050543e-07
6.61061688835e-07
6.60615778759e-07
6.59455849661e-07
6.5901132263e-07
6.58567244919e-07
6.58123615923e-07
6.5696788852e-07
6.56525634809e-07
6.56083827517e-07
6.55642466046e-07
6.55201549794e-07
6.54050925151e-07
6.53611374798e-07
6.53172267391e-07
6.52733602336e-07
6.51587132155e-07
6.51149825355e-07
6.50712958649e-07
6.50276531447e-07
6.49134194742e-07
6.48699118204e-07
6.48264478929e-07
6.47830276331e-07
6.47396509825e-07
6.46259192779e-07
6.45826767759e-07
6.4539477661e-07
6.44963218752e-07
6.43829988929e-07
6.43399765081e-07
6.42969972318e-07
6.42540610066e-07
6.4211167775e-07
6.40983411246e-07
6.405558039e-07
6.40128624304e-07
6.39701871888e-07
6.39275546082e-07
0.0
0.0
0.0
0.0
0.0
0.0
0.0
0.0
0.0
0.0
0.0
0.0
0.0
0.0
0.0
0.0
0.0
0.0
0.0
0.0
0.0
0.0
0.0
0.0
0.0
0.0
0.0
0.0
0.0
0.0
0.0
0.0
0.0
0.0
0.0
0.0
0.0
0.0
0.0
0.0
0.0
0.0
0.0
0.0
0.0
0.0
0.0
0.0
0.0
0.0
0.0
0.0
0.0
0.0
0.0
0.0
0.0
0.0
0.0
0.0
0.0
0.0
0.0
0.0
0.0
0.0
0.0
0.0
0.0
0.0
0.0
0.0
0.0
0.0
0.0
0.0
0.0
0.0
0.0
0.0
0.0
0.0
0.0
0.0
0.0
0.0
0.0
0.0
0.0
0.0
0.0
0.0
0.0
0.0
0.0
0.0
0.0
0.0
0.0
0.0
0.0
0.0
0.0
0.0
0.0
0.0
0.0
0.0
0.0
0.0
0.0
0.0
0.0
0.0
0.0
0.0
0.0
0.0
0.0
0.0
0.0
0.0
0.0
0.0
0.0
0.0
0.0
0.0
0.0
0.0
0.0
0.0
0.0
0.0
0.0
0.0
0.0
0.0
0.0
0.0
0.0
0.0
0.0
0.0
0.0
0.0
0.0
0.0
0.0
0.0
0.0
0.0
0.0
0.0
0.0
0.0
0.0
0.0
0.0
0.0
0.0
0.0
0.0
0.0
0.0
0.0
0.0
0.0
0.0
0.0
0.0
0.0
0.0
0.0
0.0
0.0
0.0
0.0
0.0
0.0
0.0
0.0
0.0
0.0
0.0
0.0
0.0
0.0
0.0
0.0
0.0
0.0
0.0
0.0
0.0
0.0
0.0
0.0
0.0
0.0
0.0
0.0
0.0
0.0
0.0
0.0
0.0
0.0
0.0
0.0
0.0
0.0
0.0
0.0
0.0
0.0
0.0
0.0
0.0
0.0
0.0
0.0
0.0
0.0
0.0
0.0
0.0
0.0
0.0
0.0
0.0
0.0
0.0
0.0
0.0
0.0
0.0
0.0
0.0
0.0
0.0
0.0
0.0
0.0
0.0
0.0
0.0
0.0
0.0
0.0
0.0
0.0
0.0
0.0
0.0
0.0
0.0
0.0
0.0
0.0
0.0
0.0
0.0
0.0
0.0
0.0
0.0
0.0
0.0
0.0
0.0
0.0
0.0
0.0
0.0
0.0
0.0
0.0
0.0
0.0
0.0
0.0
0.0
0.0
0.0
0.0
0.0
0.0
0.0
0.0
0.0
0.0
0.0
0.0
0.0
0.0
0.0
0.0
0.0
0.0
0.0
0.0
0.0
0.0
0.0
0.0
0.0
0.0
0.0
0.0
0.0
0.0
0.0
0.0
0.0
0.0
0.0
0.0
0.0
0.0
0.0
0.0
0.0
0.0
0.0
0.0
0.0
0.0
0.0
0.0
0.0
0.0
0.0
0.0
0.0
0.0
0.0
0.0
0.0
0.0
0.0
0.0
0.0
0.0
0.0
0.0
0.0
0.0
0.0
0.0
0.0
0.0
0.0
0.0
0.0
0.0
0.0
0.0
0.0
0.0
0.0
0.0
0.0
0.0
0.0
0.0
0.0
0.0
0.0
0.0
0.0
0.0
0.0
0.0
0.0
0.0
0.0
0.0
0.0
0.0
0.0
0.0
0.0
0.0
0.0
0.0
0.0
0.0
0.0
0.0
0.0
0.0
0.0
0.0
0.0
0.0
0.0
0.0
0.0
0.0
0.0
0.0
0.0
0.0
0.0
0.0
0.0
0.0
0.0
0.0
0.0
0.0
0.0
0.0
0.0
0.0
0.0
0.0
0.0
0.0
0.0
0.0
0.0
0.0
0.0
0.0
0.0
0.0
0.0
0.0
0.0
0.0
0.0
0.0
0.0
0.0
0.0
0.0
0.0
0.0
0.0
0.0
0.0
0.0
0.0
0.0
0.0
0.0
0.0
0.0
0.0
0.0
0.0
0.0
0.0
0.0
0.0
0.0
0.0
0.0
0.0
0.0
0.0
0.0
0.0
0.0
0.0
0.0
0.0
0.0
0.0
0.0
0.0
0.0
0.0
0.0
0.0
0.0
0.0
0.0
0.0
0.0
0.0
0.0
0.0
0.0
0.0
0.0
0.0
0.0
0.0
0.0
0.0
0.0
0.0
0.0
0.0
0.0
0.0