0 6340.56745099
1 5502.22378918
2 4784.7686401
3 4169.54006405
4 3640.92573799
5 3185.83954134
6 2793.29194599
7 2454.03673622
8 2160.27995529
9 1905.4396754
10 1683.94735347
11 1491.08327635
12 1322.84000038
13 1175.80882142
14 1047.08522496
15 934.190005838
16 835.00334679
17 747.70963269
18 670.751173695
19 602.78933393
20 542.671826354
21 489.405150306
22 442.131325232
23 400.108219201
24 362.692890223
25 329.327456599
26 299.527093576
27 272.869820514
28 248.987798131
29 227.559901262
30 208.305370662
31 190.978378987
32 175.363372458
33 161.271071656
34 148.535033214
35 137.008689526
36 126.562796402
37 117.083229375
38 108.469078395
39 100.630998253
40 93.4897784657
41 86.9751017754
42 81.0244649377
43 75.5822393664
44 70.5988524407
45 66.0300730597
46 61.8363873768
47 57.9824526443
48 54.4366188007
49 51.1705088813
50 48.1586505716
51 45.3781522797
52 42.8084180099
53 40.4308960928
54 38.2288574941
55 36.1871999955
56 34.2922750292
57 32.5317343746
58 30.8943942865
59 29.3701149401
60 27.94969335
61 26.6247681543
62 25.387734859
63 24.2316703138
64 23.1502653445
65 22.1377645984
66 21.188912776
67 20.2989065232
68 19.4633513445
69 18.678222976
70 17.9398327225
71 17.2447963223
72 16.5900059547
73 15.9726050489
74 15.3899655926
75 14.8396676759
76 14.3194810307
77 13.8273483589
78 13.3613702616
79 12.9197916043
80 12.5009891706
81 12.1034604743
82 11.7258136116
83 11.3667580507
84 11.0250962651
85 10.699716127
86 10.3895839879
87 10.0937383783
88 9.81128426833
89 9.54138783484
90 9.28327168733
91 9.03621050996
92 8.79952708061
93 8.57258863221
94 8.3548035251
95 8.14561820209
96 7.94451440068
97 7.75100659965
98 7.56465816168
99 7.38513112577
100 7.21212307148
101 7.04534679473
102 6.88452945088
103 6.72941175048
104 6.57974720414
105 6.43530141345
106 6.29585140466
107 6.16118500261
108 6.0311002421
109 5.90540481438
110 5.78391554642
111 5.66645791097
112 5.55286556531
113 5.44297991705
114 5.33664971504
115 5.23373066407
116 5.13408506163
117 5.03758145562
118 4.94409432138
119 4.85350375724
120 4.7656951971
121 4.68055913922
122 4.59799089022
123 4.51789032321
124 4.44016164944
125 4.36471320246
126 4.29145723413
127 4.22030972185
128 4.15119018615
129 4.08402151827
130 4.01872981696
131 3.9552442341
132 3.89349682851
133 3.83342242758
134 3.77495849622
135 3.71804501273
136 3.66262435121
137 3.60864117012
138 3.55604230661
139 3.50477667645
140 3.45479517903
141 3.40605060733
142 3.35849756252
143 3.31209237291
144 3.26679301706
145 3.22255905082
146 3.17935153804
147 3.13713298488
148 3.0958672773
149 3.05551962185
150 3.01605648936
151 2.97744556145
152 2.93965567976
153 2.90265679773
154 2.86641993473
155 2.83091713253
156 2.79612141392
157 2.76200674341
158 2.72854798987
159 2.695720891
160 2.66350201965
161 2.63186875169
162 2.60079923563
163 2.57027236359
164 2.54026774386
165 2.51076567471
166 2.48174711956
167 2.4531936834
168 2.42508759036
169 2.39741166238
170 2.37014929903
171 2.34328445821
172 2.31680163798
173 2.29068585911
174 2.26492264873
175 2.23949802459
176 2.21439848026
177 2.18961238923
178 2.16513411939
179 2.14095954875
180 2.11708461399
181 2.09350530961
182 2.07021768705
183 2.04721785381
184 2.02450197268
185 2.00206626083
186 1.97990698907
187 1.95802048099
188 1.93640311221
189 1.91505130961
190 1.89396155052
191 1.87313036202
192 1.85255432017
193 1.8322300493
194 1.81215422126
195 1.79232355475
196 1.77273481463
197 1.75338481119
198 1.73427039951
199 1.71538847881
200 1.69673599176
201 1.67830992385
202 1.66010730279
203 1.64212519783
204 1.6243607192
205 1.60681101746
206 1.58947328296
207 1.5723447452
208 1.55542267228
209 1.53870437033
210 1.52218718295
211 1.50586849067
212 1.48974571039
213 1.47381629486
214 1.45807773214
215 1.44252754511
216 1.42716329094
217 1.41198256059
218 1.39698297832
219 1.3821622012
220 1.36751791864
221 1.35304785191
222 1.3387497537
223 1.32462140761
224 1.31066062776
225 1.29686525829
226 1.28323317299
227 1.2697622748
228 1.25645049545
229 1.24329579498
230 1.2302961614
231 1.21744961022
232 1.20475418409
233 1.1922079524
234 1.17980901089
235 1.16755548128
236 1.15544551088
237 1.14347727222
238 1.13164896272
239 1.11995880429
240 1.10840504299
241 1.09698594872
242 1.0856998148
243 1.07454495773
244 1.06351971676
245 1.05262245365
246 1.0418515523
247 1.03120541843
248 1.0206824793
249 1.01028118336
250 1.0
251 0.989837419202
252 0.979791951276
253 0.969862126558
254 0.960046495131
255 0.950343626542
256 0.940752109522
257 0.931270551721
258 0.921897579432
259 0.912631837331
260 0.903471988217
261 0.894416712751
262 0.885464709209
263 0.876614693227
264 0.867865397562
265 0.859215571845
266 0.850663982344
267 0.842209411734
268 0.83385065886
269 0.825586538511
270 0.817415881197
271 0.80933753293
272 0.801350354999
273 0.793453223764
274 0.78564503044
275 0.777924680888
276 0.770291095414
277 0.762743208563
278 0.755279968921
279 0.747900338921
280 0.740603294644
281 0.733387825637
282 0.726252934717
283 0.719197637791
284 0.712220963671
285 0.705321953899
286 0.698499662563
287 0.691753156128
288 0.685081513265
289 0.678483824675
290 0.67195919293
291 0.665506732305
292 0.659125568615
293 0.652814839056
294 0.64657369205
295 0.640401287089
296 0.634296794579
297 0.628259395693
298 0.622288282222
299 0.61638265643
300 0.610541730904
301 0.604764728421
302 0.599050881801
303 0.593399433772
304 0.587809636833
305 0.582280753122
306 0.576812054281
307 0.57140282133
308 0.566052344533
309 0.560759923277
310 0.555524865945
311 0.550346489793
312 0.545224120831
313 0.540157093699
314 0.535144751556
315 0.530186445959
316 0.525281536752
317 0.520429391951
318 0.515629387634
319 0.510880907831
320 0.506183344419
321 0.501536097011
322 0.496938572857
323 0.492390186735
324 0.487890360852
325 0.483438524744
326 0.479034115178
327 0.474676576051
328 0.470365358296
329 0.466099919789
330 0.461879725252
331 0.457704246164
332 0.453572960668
333 0.449485353483
334 0.445440915816
335 0.441439145273
336 0.437479545776
337 0.433561627475
338 0.429684906669
339 0.425848903195
340 0.422053132951
341 0.418297115704
342 0.414580377564
343 0.410902450896
344 0.407262874232
345 0.403661192178
346 0.400096955328
347 0.396569720182
348 0.393079049056
349 0.389624510003
350 0.38620567673
351 0.382822128517
352 0.379473450138
353 0.376159231781
354 0.372879068974
355 0.369632562509
356 0.366419318363
357 0.363238947633
358 0.360091066452
359 0.356975295931
360 0.353891262075
361 0.350838595728
362 0.347816932492
363 0.344825912669
364 0.341865181192
365 0.338934387558
366 0.336033185766
367 0.333161234256
368 0.330318195843
369 0.327503737657
370 0.324717531084
371 0.321959251706
372 0.319228579242
373 0.316525197492
374 0.313848794277
375 0.311199061387
376 0.308575694525
377 0.305978393249
378 0.303406860925
379 0.30086080467
380 0.2983399353
381 0.295843967282
382 0.293372618681
383 0.290925611112
384 0.288502669691
385 0.286103522986
386 0.283727902969
387 0.281375544973
388 0.279046187642
389 0.276739572889
390 0.274455445846
391 0.272193554828
392 0.269953651283
393 0.267735489753
394 0.265538827829
395 0.263363426113
396 0.261209048175
397 0.259075460511
398 0.256962432509
399 0.254869736405
400 0.252797147245
401 0.250744442849
402 0.248711403773
403 0.246697813271
404 0.244703457261
405 0.242728124285
406 0.24077160548
407 0.238833694538
408 0.236914187672
409 0.235012883587
410 0.233129583442
411 0.231264090818
412 0.229416211687
413 0.227585754382
414 0.225772529559
415 0.223976350173
416 0.222197031446
417 0.220434390832
418 0.218688247994
419 0.216958424773
420 0.215244745154
421 0.213547035247
422 0.211865123251
423 0.210198839428
424 0.208548016081
425 0.206912487521
426 0.205292090042
427 0.2036866619
428 0.202096043279
429 0.200520076272
430 0.198958604854
431 0.197411474858
432 0.19587853395
433 0.194359631604
434 0.192854619082
435 0.191363349408
436 0.189885677345
437 0.188421459374
438 0.18697055367
439 0.185532820082
440 0.18410812011
441 0.182696316883
442 0.181297275141
443 0.179910861211
444 0.178536942988
445 0.177175389913
446 0.175826072958
447 0.174488864601
448 0.173163638808
449 0.171850271017
450 0.170548638116
451 0.169258618424
452 0.167980091676
453 0.166712939002
454 0.16545704291
455 0.164212287271
456 0.162978557296
457 0.161755739525
458 0.160543721806
459 0.159342393281
460 0.158151644369
461 0.156971366747
462 0.155801453339
463 0.154641798298
464 0.153492296987
465 0.152352845972
466 0.151223342998
467 0.150103686981
468 0.148993777987
469 0.147893517225
470 0.146802807026
471 0.145721550833
472 0.144649653186
473 0.143587019706
474 0.142533557087
475 0.141489173077
476 0.140453776467
477 0.13942727708
478 0.138409585755
479 0.137400614336
480 0.13640027566
481 0.135408483543
482 0.13442515277
483 0.133450199082
484 0.132483539162
485 0.13152509063
486 0.130574772022
487 0.129632502788
488 0.128698203275
489 0.127771794716
490 0.126853199223
491 0.125942339773
492 0.125039140199
493 0.124143525178
494 0.123255420223
495 0.122374751669
496 0.121501446668
497 0.120635433174
498 0.11977663994
499 0.118924996498
500 0.118080433162
501 0.117242880579
502 0.116412268474
503 0.115588526957
504 0.114771586946
505 0.113961380161
506 0.113157839107
507 0.112360897071
508 0.111570488105
509 0.110786547022
510 0.110009009385
511 0.109237811495
512 0.108472890384
513 0.107714183803
514 0.106961630219
515 0.106215168797
516 0.105474739401
517 0.104740282575
518 0.104011739543
519 0.103289052196
520 0.102572163085
521 0.101861015411
522 0.101155553021
523 0.100455720395
524 0.0997614626391
525 0.0990727254813
526 0.0983894552599
527 0.0977115989172
528 0.0970391039923
529 0.0963719186129
530 0.0957099914888
531 0.0950532719041
532 0.0944017097104
533 0.0937552553196
534 0.0931138596971
535 0.0924774743547
536 0.0918460513443
537 0.0912195432509
538 0.0905979031863
539 0.0899810847823
540 0.0893690421846
541 0.0887617300463
542 0.088159103522
543 0.0875611182613
544 0.0869677304029
545 0.0863788965689
546 0.0857945738583
547 0.0852147198419
548 0.084639292556
549 0.0840682504971
550 0.0835015526162
551 0.0829391583132
552 0.0823810274316
553 0.0818271202534
554 0.081277397493
555 0.0807318202929
556 0.0801903502181
557 0.0796529492509
558 0.0791195797863
559 0.0785902046267
560 0.0780647869771
561 0.0775432904405
562 0.0770256790128
563 0.0765119170783
564 0.0760019694052
565 0.0754958011406
566 0.0749933778066
567 0.0744946652952
568 0.0739996298646
569 0.0735082381341
570 0.0730204570804
571 0.0725362540332
572 0.0720555966711
573 0.0715784530172
574 0.0711047914354
575 0.0706345806262
576 0.0701677896228
577 0.0697043877871
578 0.069244344806
579 0.0687876306875
580 0.0683342157569
581 0.0678840706532
582 0.0674371663255
583 0.066993474029
584 0.0665529653219
585 0.0661156120618
586 0.0656813864017
587 0.0652502607875
588 0.0648222079536
589 0.0643972009204
590 0.0639752129904
591 0.0635562177454
592 0.0631401890427
593 0.0627271010127
594 0.062316928055
595 0.0619096448358
596 0.0615052262847
597 0.0611036475915
598 0.0607048842035
599 0.0603089118224
600 0.0599157064013
601 0.0595252441422
602 0.0591375014926
603 0.0587524551432
604 0.0583700820248
605 0.0579903593058
606 0.0576132643894
607 0.0572387749109
608 0.0568668687351
609 0.0564975239537
610 0.0561307188829
611 0.0557664320604
612 0.0554046422434
613 0.055045328406
614 0.0546884697366
615 0.0543340456355
616 0.0539820357127
617 0.0536324197853
618 0.0532851778756
619 0.0529402902082
620 0.0525977372082
621 0.0522574994989
622 0.0519195578994
623 0.0515838934224
624 0.0512504872723
625 0.0509193208431
626 0.0505903757156
627 0.0502636336564
628 0.0499390766149
629 0.0496166867218
630 0.049296446287
631 0.0489783377973
632 0.048662343915
633 0.0483484474754
634 0.0480366314855
635 0.0477268791214
636 0.0474191737269
637 0.0471134988118
638 0.0468098380494
639 0.0465081752755
640 0.0462084944861
641 0.0459107798358
642 0.0456150156361
643 0.0453211863535
644 0.0450292766082
645 0.044739271172
646 0.0444511549669
647 0.0441649130632
648 0.0438805306782
649 0.0435979931747
650 0.0433172860587
651 0.0430383949786
652 0.0427613057236
653 0.0424860042215
654 0.042212477433
655 0.0419407159894
656 0.0416707114255
657 0.0414024552743
658 0.0411359390676
659 0.0408711543363
660 0.0406080926118
661 0.0403467454262
662 0.0400871043132
663 0.0398291608087
664 0.0395729064518
665 0.039318332785
666 0.0390654313552
667 0.0388141937144
668 0.0385646114199
669 0.0383166760356
670 0.0380703791319
671 0.0378257122871
672 0.0375826670872
673 0.0373412351271
674 0.0371014080108
675 0.0368631773524
676 0.0366265347762
677 0.0363914719175
678 0.0361579804232
679 0.0359260519522
680 0.0356956781759
681 0.0354668507789
682 0.0352395614594
683 0.0350138019297
684 0.0347895639168
685 0.0345668391625
686 0.0343456194245
687 0.0341258964763
688 0.0339076621081
689 0.0336909081268
690 0.0334756263568
691 0.0332618086403
692 0.0330494468378
693 0.0328385328282
694 0.0326290585099
695 0.0324210158003
696 0.0322143966369
697 0.0320091929773
698 0.0318053967999
699 0.0316030001038
700 0.0314019949097
701 0.0312142806953
702 0.03102795379
703 0.0308430019863
704 0.0306594132017
705 0.0304771754763
706 0.0302962769723
707 0.0301167059719
708 0.0299384508765
709 0.0297615002047
710 0.0295858425916
711 0.0294114667867
712 0.0292383616534
713 0.0290665161671
714 0.0288959194142
715 0.0287265605908
716 0.0285584290013
717 0.0283915140573
718 0.0282258052763
719 0.0280612922807
720 0.0278979647962
721 0.027735812651
722 0.0275748257747
723 0.0274149941966
724 0.0272563080451
725 0.0270987575466
726 0.0269423330239
727 0.0267870248956
728 0.0266328236749
729 0.0264797199683
730 0.026327704475
731 0.0261767679854
732 0.0260269013804
733 0.0258780956302
734 0.0257303417934
735 0.0255836310161
736 0.0254379545307
737 0.0252933036552
738 0.0251496697919
739 0.0250070444269
740 0.0248654191289
741 0.0247247855482
742 0.0245851354162
743 0.0244464605441
744 0.0243087528222
745 0.024172004219
746 0.0240362067804
747 0.0239013526287
748 0.0237674339619
749 0.0236344430529
750 0.0235023722487
751 0.0233712139692
752 0.0232409607071
753 0.0231116050265
754 0.0229831395624
755 0.0228555570198
756 0.0227288501733
757 0.0226030118658
758 0.0224780350082
759 0.0223539125784
760 0.0222306376207
761 0.0221082032452
762 0.0219866026268
763 0.0218658290048
764 0.021745875682
765 0.021626736024
766 0.021508403459
767 0.0213908714763
768 0.0212741336264
769 0.0211581835199
770 0.0210430148273
771 0.0209286212777
772 0.0208149966589
773 0.0207021348161
774 0.0205900296521
775 0.0204786751257
776 0.0203680652521
777 0.0202581941015
778 0.020149055799
779 0.020040644524
780 0.0199329545094
781 0.0198259800411
782 0.0197197154576
783 0.0196141551494
784 0.0195092935582
785 0.0194051251768
786 0.0193016445482
787 0.0191988462654
788 0.0190967249704
789 0.0189952753543
790 0.0188944921564
791 0.0187943701637
792 0.0186949042105
793 0.0185960891781
794 0.0184979199938
795 0.0184003916311
796 0.0183034991086
797 0.0182072374899
798 0.0181116018831
799 0.0180165874403
800 0.0179221893571
801 0.0178284028721
802 0.0177352232668
803 0.0176426458647
804 0.0175506660311
805 0.0174592791729
806 0.0173684807378
807 0.017278266214
808 0.0171886311297
809 0.0170995710533
810 0.0170110815919
811 0.016923158392
812 0.0168357971383
813 0.0167489935539
814 0.0166627433996
815 0.0165770424733
816 0.0164918866103
817 0.0164072716823
818 0.0163231935973
819 0.0162396482993
820 0.0161566317677
821 0.0160741400171
822 0.0159921690971
823 0.0159107150917
824 0.0158297741189
825 0.0157493423309
826 0.0156694159129
827 0.0155899910836
828 0.0155110640943
829 0.015432631229
830 0.0153546888037
831 0.0152772331664
832 0.0152002606964
833 0.0151237678046
834 0.0150477509325
835 0.0149722065524
836 0.0148971311669
837 0.0148225213085
838 0.0147483735397
839 0.0146746844521
840 0.0146014506668
841 0.0145286688335
842 0.0144563356307
843 0.014384447765
844 0.0143130019713
845 0.0142419950121
846 0.0141714236774
847 0.0141012847844
848 0.0140315751775
849 0.0139622917276
850 0.013893431332
851 0.0138249909145
852 0.0137569674245
853 0.0136893578373
854 0.0136221591536
855 0.0135553683994
856 0.0134889826255
857 0.0134229989076
858 0.0133574143458
859 0.0132922260644
860 0.0132274312119
861 0.0131630269604
862 0.0130990105058
863 0.0130353790672
864 0.0129721298869
865 0.0129092602299
866 0.0128467673843
867 0.0127846486604
868 0.0127229013908
869 0.0126615229301
870 0.012600510655
871 0.0125398619636
872 0.0124795742755
873 0.0124196450316
874 0.0123600716938
875 0.0123008517449
876 0.0122419826883
877 0.0121834620478
878 0.0121252873677
879 0.012067456212
880 0.012009966165
881 0.0119528148304
882 0.0118959998317
883 0.0118395188114
884 0.0117833694314
885 0.0117275493727
886 0.0116720563347
887 0.0116168880359
888 0.011562042213
889 0.0115075166211
890 0.0114533090332
891 0.0113994172407
892 0.0113458390524
893 0.0112925722949
894 0.0112396148123
895 0.0111869644658
896 0.0111346191342
897 0.0110825767128
898 0.011030835114
899 0.0109793922669
900 0.0109282461171
901 0.0108773946266
902 0.0108268357734
903 0.0107765675521
904 0.0107265879728
905 0.0106768950616
906 0.0106274868602
907 0.0105783614258
908 0.0105295168311
909 0.0104809511639
910 0.0104326625272
911 0.0103846490388
912 0.0103369088315
913 0.0102894400529
914 0.0102422408648
915 0.0101953094439
916 0.0101486439807
917 0.0101022426804
918 0.0100561037618
919 0.0100102254579
920 0.0099646060155
921 0.00991924369496
922 0.00987413677027
923 0.00982928352885
924 0.00978468227145
925 0.00974033131201
926 0.00969622897757
927 0.00965237360812
928 0.00960876355653
929 0.00956539718841
930 0.009522272882
931 0.00947938902804
932 0.00943674402972
933 0.0093943363025
934 0.00935216427404
935 0.00931022638409
936 0.0092685210844
937 0.00922704683856
938 0.00918580212196
939 0.00914478542165
940 0.00910399523626
941 0.00906343007587
942 0.00902308846194
943 0.00898296892721
944 0.00894307001556
945 0.00890339028197
946 0.00886392829241
947 0.00882468262371
948 0.0087856518635
949 0.0087468346101
950 0.00870822947246
951 0.00866983507001
952 0.00863165003263
953 0.00859367300052
954 0.00855590262414
955 0.00851833756408
956 0.00848097649104
957 0.00844381808566
958 0.00840686103852
959 0.00837010404999
960 0.00833354583017
961 0.00829718509882
962 0.00826102058527
963 0.00822505102832
964 0.00818927517617
965 0.00815369178637
966 0.00811829962569
967 0.00808309747009
968 0.00804808410458
969 0.00801325832324
970 0.00797861892903
971 0.0079441647338
972 0.0079098945582
973 0.00787580723156
974 0.00784190159188
975 0.0078081764857
976 0.00777463076807
977 0.00774126330246
978 0.0077080729607
979 0.0076750586229
980 0.00764221917738
981 0.0076095535206
982 0.00757706055712
983 0.00754473919949
984 0.00751258836821
985 0.00748060699167
986 0.00744879400604
987 0.00741714835528
988 0.007385668991
989 0.00735435487245
990 0.00732320496643
991 0.00729221824723
992 0.00726139369658
993 0.00723073030357
994 0.00720022706462
995 0.00716988298338
996 0.00713969707071
997 0.00710966834458
998 0.00707979583006
999 0.0070500785592
1000 0.00702051557105
1001 0.00699110591153
1002 0.00696184863341
1003 0.00693274279626
1004 0.00690378746637
1005 0.00687498171673
1006 0.00684632462692
1007 0.00681781528312
1008 0.00678945277802
1009 0.00676123621076
1010 0.00673316468691
1011 0.00670523731839
1012 0.00667745322344
1013 0.00664981152653
1014 0.00662231135837
1015 0.0065949518558
1016 0.00656773216179
1017 0.00654065142535
1018 0.00651370880151
1019 0.00648690345125
1020 0.00646023454148
1021 0.00643370124496
1022 0.00640730274028
1023 0.00638103821179
1024 0.00635490684958
1025 0.0063289078494
1026 0.00630304041267
1027 0.00627730374636
1028 0.00625169706301
1029 0.00622621958065
1030 0.00620087052278
1031 0.00617564911831
1032 0.00615055460152
1033 0.006125586212
1034 0.00610074319466
1035 0.00607602479963
1036 0.00605143028226
1037 0.00602695890305
1038 0.00600260992763
1039 0.0059783826267
1040 0.00595427627602
1041 0.00593029015632
1042 0.00590642355333
1043 0.00588267575768
1044 0.00585904606489
1045 0.00583553377533
1046 0.00581213819416
1047 0.00578885863135
1048 0.00576569440156
1049 0.00574264482417
1050 0.00571970922322
1051 0.00569688692737
1052 0.00567417726987
1053 0.00565157958851
1054 0.00562909322561
1055 0.00560671752797
1056 0.00558445184684
1057 0.00556229553787
1058 0.0055402479611
1059 0.0055183084809
1060 0.00549647646598
1061 0.00547475128929
1062 0.00545313232805
1063 0.00543161896368
1064 0.0054102105818
1065 0.00538890657215
1066 0.0053677063286
1067 0.00534660924911
1068 0.00532561473567
1069 0.00530472219431
1070 0.00528393103506
1071 0.00526324067188
1072 0.00524265052268
1073 0.00522216000928
1074 0.00520176855735
1075 0.0051814755964
1076 0.00516128055978
1077 0.00514118288459
1078 0.00512118201169
1079 0.00510127738569
1080 0.00508146845487
1081 0.00506175467119
1082 0.00504213549025
1083 0.00502261037127
1084 0.00500317877705
1085 0.00498384017394
1086 0.00496459403184
1087 0.00494543982416
1088 0.00492637702776
1089 0.00490740512298
1090 0.00488852359359
1091 0.00486973192674
1092 0.00485102961298
1093 0.00483241614619
1094 0.00481389102359
1095 0.00479545374569
1096 0.0047771038163
1097 0.00475884074245
1098 0.00474066403441
1099 0.00472257320568
1100 0.00470456777289
1101 0.00468664725587
1102 0.00466881117756
1103 0.00465105906402
1104 0.00463339044439
1105 0.00461580485087
1106 0.00459830181871
1107 0.00458088088618
1108 0.00456354159453
1109 0.004546283488
1110 0.00452910611378
1111 0.00451200902199
1112 0.00449499176565
1113 0.00447805390067
1114 0.00446119498584
1115 0.00444441458277
1116 0.00442771225593
1117 0.00441108757255
1118 0.00439454010267
1119 0.0043780694191
1120 0.00436167509737
1121 0.00434535671574
1122 0.00432911385519
1123 0.00431294609934
1124 0.00429685303453
1125 0.0042808342497
1126 0.00426488933643
1127 0.0042490178889
1128 0.0042332195039
1129 0.00421749378075
1130 0.00420184032134
1131 0.0041862587301
1132 0.00417074861396
1133 0.00415530958234
1134 0.00413994124715
1135 0.00412464322274
1136 0.00410941512593
1137 0.00409425657592
1138 0.00407916719437
1139 0.00406414660527
1140 0.00404919443503
1141 0.00403431031239
1142 0.00401949386843
1143 0.00400474473655
1144 0.00399006255246
1145 0.00397544695416
1146 0.00396089758191
1147 0.00394641407823
1148 0.00393199608788
1149 0.00391764325785
1150 0.00390335523731
1151 0.00388913167766
1152 0.00387497223245
1153 0.0038608765574
1154 0.00384684431036
1155 0.00383287515134
1156 0.00381896874244
1157 0.00380512474786
1158 0.0037913428339
1159 0.00377762266891
1160 0.00376396392333
1161 0.00375036626959
1162 0.0037368293822
1163 0.00372335293764
1164 0.00370993661442
1165 0.00369658009301
1166 0.00368328305587
1167 0.00367004518739
1168 0.00365686617394
1169 0.00364374570379
1170 0.00363068346713
1171 0.00361767915606
1172 0.00360473246458
1173 0.00359184308853
1174 0.00357901072564
1175 0.00356623507549
1176 0.00355351583949
1177 0.00354085272088
1178 0.00352824542469
1179 0.00351569365778
1180 0.00350319712878
1181 0.00349075554808
1182 0.00347836862787
1183 0.00346603608205
1184 0.00345375762629
1185 0.00344153297795
1186 0.00342936185613
1187 0.00341724398163
1188 0.00340517907692
1189 0.00339316686618
1190 0.00338120707523
1191 0.00336929943156
1192 0.00335744366429
1193 0.00334563950418
1194 0.00333388668362
1195 0.0033221849366
1196 0.0033105339987
1197 0.00329893360712
1198 0.00328738350061
1199 0.00327588341948
1200 0.00326443310563
1201 0.00325303230248
1202 0.00324168075498
1203 0.00323037820962
1204 0.0032191244144
1205 0.00320791911883
1206 0.00319676207389
1207 0.00318565303207
1208 0.00317459174732
1209 0.00316357797506
1210 0.00315261147215
1211 0.00314169199692
1212 0.00313081930909
1213 0.00311999316986
1214 0.00310921334179
1215 0.00309847958889
1216 0.00308779167654
1217 0.00307714937151
1218 0.00306655244195
1219 0.00305600065737
1220 0.00304549378867
1221 0.00303503160805
1222 0.00302461388908
1223 0.00301424040666
1224 0.00300391093702
1225 0.00299362525767
1226 0.00298338314746
1227 0.00297318438652
1228 0.00296302875627
1229 0.00295291603942
1230 0.00294284601993
1231 0.00293281848302
1232 0.0029228332152
1233 0.00291289000419
1234 0.00290298863895
1235 0.00289312890969
1236 0.00288331060781
1237 0.00287353352596
1238 0.00286379745795
1239 0.00285410219883
1240 0.0028444475448
1241 0.00283483329328
1242 0.00282525924283
1243 0.0028157251932
1244 0.00280623094526
1245 0.00279677630108
1246 0.00278736106384
1247 0.00277798503786
1248 0.0027686480286
1249 0.00275934984261
1250 0.00275009028759
1251 0.00274086917232
1252 0.0027316863067
1253 0.00272254150169
1254 0.00271343456936
1255 0.00270436532285
1256 0.00269533357636
1257 0.00268633914517
1258 0.00267738184561
1259 0.00266846149504
1260 0.00265957791189
1261 0.00265073091562
1262 0.0026419203267
1263 0.00263314596664
1264 0.00262440765795
1265 0.00261570522418
1266 0.00260703848984
1267 0.00259840728047
1268 0.00258981142258
1269 0.00258125074368
1270 0.00257272507223
1271 0.00256423423769
1272 0.00255577807047
1273 0.00254735640193
1274 0.0025389690644
1275 0.00253061589114
1276 0.00252229671636
1277 0.0025140113752
1278 0.00250575970372
1279 0.00249754153892
1280 0.0024893567187
1281 0.00248120508188
1282 0.00247308646817
1283 0.00246500071819
1284 0.00245694767345
1285 0.00244892717635
1286 0.00244093907016
1287 0.00243298319905
1288 0.00242505940803
1289 0.00241716754299
1290 0.00240930745068
1291 0.0024014789787
1292 0.0023936819755
1293 0.00238591629037
1294 0.00237818177345
1295 0.00237047827569
1296 0.00236280564888
1297 0.00235516374563
1298 0.00234755241938
1299 0.00233997152436
1300 0.00233242091561
1301 0.00232490044899
1302 0.00231740998112
1303 0.00230994936946
1304 0.00230251847221
1305 0.00229511714838
1306 0.00228774525775
1307 0.00228040266086
1308 0.00227308921903
1309 0.00226580479434
1310 0.00225854924962
1311 0.00225132244846
1312 0.0022441242552
1313 0.0022369545349
1314 0.0022298131534
1315 0.00222269997723
1316 0.00221561487368
1317 0.00220855771076
1318 0.00220152835717
1319 0.00219452668238
1320 0.00218755255652
1321 0.00218060585045
1322 0.00217368643574
1323 0.00216679418464
1324 0.00215992897011
1325 0.00215309066579
1326 0.002146279146
1327 0.00213949428576
1328 0.00213273596074
1329 0.00212600404731
1330 0.0021192984225
1331 0.00211261896398
1332 0.00210596555013
1333 0.00209933805993
1334 0.00209273637306
1335 0.00208616036982
1336 0.00207960993116
1337 0.00207308493867
1338 0.00206658527459
1339 0.00206011082177
1340 0.00205366146371
1341 0.00204723708452
1342 0.00204083756894
1343 0.00203446280231
1344 0.00202811267061
1345 0.00202178706041
1346 0.0020154858589
1347 0.00200920895385
1348 0.00200295623366
1349 0.0019967275873
1350 0.00199052290434
1351 0.00198434207493
1352 0.00197818498983
1353 0.00197205154035
1354 0.00196594161839
1355 0.00195985511642
1356 0.0019537919275
1357 0.00194775194522
1358 0.00194173506377
1359 0.00193574117787
1360 0.00192977018282
1361 0.00192382197447
1362 0.0019178964492
1363 0.00191199350395
1364 0.00190611303622
1365 0.00190025494402
1366 0.00189441912592
1367 0.001888605481
1368 0.0018828139089
1369 0.00187704430977
1370 0.00187129658428
1371 0.00186557063363
1372 0.00185986635954
1373 0.00185418366423
1374 0.00184852245046
1375 0.00184288262145
1376 0.00183726408099
1377 0.00183166673332
1378 0.0018260904832
1379 0.00182053523588
1380 0.00181500089712
1381 0.00180948737316
1382 0.00180399457072
1383 0.00179852239702
1384 0.00179307075975
1385 0.00178763956708
1386 0.00178222872767
1387 0.00177683815064
1388 0.00177146774559
1389 0.00176611742257
1390 0.00176078709212
1391 0.00175547666522
1392 0.00175018605334
1393 0.00174491516837
1394 0.00173966392269
1395 0.00173443222909
1396 0.00172922000086
1397 0.00172402715169
1398 0.00171885359574
1399 0.00171369924761
1400 0.00170856402233
1401 0.00170344783537
1402 0.00169835060264
1403 0.00169327224046
1404 0.00168821266561
1405 0.00168317179527
1406 0.00167814954706
1407 0.00167314583901
1408 0.00166816058956
1409 0.0016631937176
1410 0.00165824514241
1411 0.00165331478367
1412 0.0016484025615
1413 0.0016435083964
1414 0.00163863220928
1415 0.00163377392147
1416 0.00162893345467
1417 0.00162411073101
1418 0.00161930567299
1419 0.0016145182035
1420 0.00160974824585
1421 0.00160499572372
1422 0.00160026056116
1423 0.00159554268262
1424 0.00159084201295
1425 0.00158615847734
1426 0.00158149200139
1427 0.00157684251106
1428 0.00157220993269
1429 0.00156759419297
1430 0.00156299521899
1431 0.00155841293819
1432 0.00155384727837
1433 0.0015492981677
1434 0.00154476553471
1435 0.00154024930829
1436 0.00153574941767
1437 0.00153126579246
1438 0.00152679836261
1439 0.00152234705841
1440 0.00151791181051
1441 0.0015134925499
1442 0.00150908920793
1443 0.00150470171627
1444 0.00150033000693
1445 0.00149597401229
1446 0.00149163366504
1447 0.0014873088982
1448 0.00148299964513
1449 0.00147870583953
1450 0.00147442741543
1451 0.00147016430716
1452 0.0014659164494
1453 0.00146168377716
1454 0.00145746622574
1455 0.0014532637308
1456 0.00144907622827
1457 0.00144490365444
1458 0.0014407459459
1459 0.00143660303953
1460 0.00143247487256
1461 0.00142836138251
1462 0.00142426250719
1463 0.00142017818474
1464 0.0014161083536
1465 0.0014120529525
1466 0.00140801192049
1467 0.00140398519691
1468 0.00139997272138
1469 0.00139597443384
1470 0.00139199027452
1471 0.00138802018392
1472 0.00138406410287
1473 0.00138012197244
1474 0.00137619373404
1475 0.00137227932933
1476 0.00136837870025
1477 0.00136449178906
1478 0.00136061853826
1479 0.00135675889066
1480 0.00135291278933
1481 0.00134908017761
1482 0.00134526099915
1483 0.00134145519783
1484 0.00133766271783
1485 0.00133388350359
1486 0.00133011749983
1487 0.00132636465152
1488 0.0013226249039
1489 0.00131889820249
1490 0.00131518449305
1491 0.00131148372163
1492 0.00130779583451
1493 0.00130412077825
1494 0.00130045849965
1495 0.00129680894579
1496 0.00129317206398
1497 0.00128954780179
1498 0.00128593610706
1499 0.00128233692785
1500 0.00127875021249
1501 0.00127517590956
1502 0.00127161396786
1503 0.00126806433647
1504 0.0012645269647
1505 0.00126100180208
1506 0.00125748879841
1507 0.00125398790371
1508 0.00125049906827
1509 0.00124702224258
1510 0.00124355737738
1511 0.00124010442365
1512 0.00123666333259
1513 0.00123323405565
1514 0.0012298165445
1515 0.00122641075103
1516 0.00122301662739
1517 0.00121963412591
1518 0.00121626319919
1519 0.00121290380002
1520 0.00120955588145
1521 0.00120621939671
1522 0.00120289429929
1523 0.00119958054286
1524 0.00119627808136
1525 0.00119298686889
1526 0.00118970685982
1527 0.00118643800868
1528 0.00118318027027
1529 0.00117993359956
1530 0.00117669795175
1531 0.00117347328225
1532 0.00117025954667
1533 0.00116705670085
1534 0.00116386470082
1535 0.0011606835028
1536 0.00115751306325
1537 0.00115435333882
1538 0.00115120428635
1539 0.0011480658629
1540 0.00114493802571
1541 0.00114182073224
1542 0.00113871394015
1543 0.00113561760727
1544 0.00113253169165
1545 0.00112945615153
1546 0.00112639094535
1547 0.00112333603173
1548 0.00112029136949
1549 0.00111725691765
1550 0.00111423263539
1551 0.00111121848212
1552 0.0011082144174
1553 0.00110522040101
1554 0.0011022363929
1555 0.0010992623532
1556 0.00109629824223
1557 0.00109334402051
1558 0.0010903996487
1559 0.00108746508769
1560 0.00108454029852
1561 0.00108162524242
1562 0.00107871988079
1563 0.00107582417523
1564 0.00107293808748
1565 0.00107006157949
1566 0.00106719461337
1567 0.0010643371514
1568 0.00106148915604
1569 0.00105865058992
1570 0.00105582141584
1571 0.00105300159678
1572 0.00105019109587
1573 0.00104738987643
1574 0.00104459790193
1575 0.00104181513602
1576 0.00103904154251
1577 0.00103627708536
1578 0.00103352172873
1579 0.00103077543691
1580 0.00102803817437
1581 0.00102530990574
1582 0.0010225905958
1583 0.0010198802095
1584 0.00101717871195
1585 0.00101448606842
1586 0.00101180224432
1587 0.00100912720523
1588 0.0010064609169
1589 0.00100380334521
1590 0.00100115445621
1591 0.000998514216088
1592 0.000995882591204
1593 0.000993259548059
1594 0.000990645053307
1595 0.000988039073752
1596 0.000985441576348
1597 0.000982852528199
1598 0.000980271896554
1599 0.000977699648813
1600 0.000975135752521
1601 0.000972580175367
1602 0.000970032885188
1603 0.000967493849964
1604 0.000964963037818
1605 0.000962440417017
1606 0.00095992595597
1607 0.000957419623226
1608 0.000954921387476
1609 0.000952431217552
1610 0.000949949082422
1611 0.000947474951195
1612 0.000945008793118
1613 0.000942550577575
1614 0.000940100274084
1615 0.000937657852301
1616 0.000935223282018
1617 0.000932796533159
1618 0.000930377575784
1619 0.000927966380083
1620 0.000925562916382
1621 0.000923167155135
1622 0.00092077906693
1623 0.000918398622484
1624 0.000916025792644
1625 0.000913660548386
1626 0.000911302860814
1627 0.000908952701161
1628 0.000906610040785
1629 0.000904274851172
1630 0.000901947103934
1631 0.000899626770807
1632 0.000897313823652
1633 0.000895008234455
1634 0.000892709975325
1635 0.000890419018492
1636 0.00088813533631
1637 0.000885858901253
1638 0.000883589685918
1639 0.00088132766302
1640 0.000879072805395
1641 0.000876825085997
1642 0.0008745844779
1643 0.000872350954295
1644 0.000870124488489
1645 0.000867905053909
1646 0.000865692624094
1647 0.000863487172703
1648 0.000861288673506
1649 0.00085909710039
1650 0.000856912427355
1651 0.000854734628514
1652 0.000852563678092
1653 0.000850399550429
1654 0.000848242219973
1655 0.000846091661286
1656 0.000843947849038
1657 0.000841810758011
1658 0.000839680363096
1659 0.000837556639292
1660 0.000835439561706
1661 0.000833329105555
1662 0.000831225246161
1663 0.000829127958954
1664 0.00082703721947
1665 0.00082495300335
1666 0.000822875286341
1667 0.000820804044295
1668 0.000818739253166
1669 0.000816680889013
1670 0.000814628928
1671 0.000812583346391
1672 0.000810544120553
1673 0.000808511226954
1674 0.000806484642164
1675 0.000804464342853
1676 0.000802450305793
1677 0.000800442507852
1678 0.000798440926
1679 0.000796445537305
1680 0.000794456318933
1681 0.000792473248148
1682 0.00079049630231
1683 0.000788525458878
1684 0.000786560695406
1685 0.000784601989543
1686 0.000782649319035
1687 0.000780702661722
1688 0.000778761995537
1689 0.000776827298511
1690 0.000774898548765
1691 0.000772975724514
1692 0.000771058804065
1693 0.00076914776582
1694 0.000767242588268
1695 0.000765343249994
1696 0.00076344972967
1697 0.000761562006061
1698 0.000759680058022
1699 0.000757803864495
1700 0.000755933404513
1701 0.000754068657198
1702 0.00075220960176
1703 0.000750356217495
1704 0.000748508483789
1705 0.000746666380113
1706 0.000744829886025
1707 0.000742998981171
1708 0.000741173645281
1709 0.000739353858169
1710 0.000737539599737
1711 0.000735730849969
1712 0.000733927588934
1713 0.000732129796786
1714 0.00073033745376
1715 0.000728550540174
1716 0.000726769036431
1717 0.000724992923015
1718 0.000723222180489
1719 0.000721456789501
1720 0.000719696730779
1721 0.00071794198513
1722 0.000716192533442
1723 0.000714448356685
1724 0.000712709435904
1725 0.000710975752227
1726 0.000709247286859
1727 0.000707524021083
1728 0.00070580593626
1729 0.000704093013829
1730 0.000702385235307
1731 0.000700682582286
1732 0.000698985036436
1733 0.000697292579502
1734 0.000695605193304
1735 0.000693922859741
1736 0.000692245560782
1737 0.000690573278474
1738 0.000688905994938
1739 0.000687243692369
1740 0.000685586353033
1741 0.000683933959273
1742 0.000682286493503
1743 0.000680643938209
1744 0.000679006275951
1745 0.000677373489359
1746 0.000675745561136
1747 0.000674122474056
1748 0.000672504210964
1749 0.000670890754773
1750 0.000669282088471
1751 0.000667678195112
1752 0.000666079057821
1753 0.000664484659792
1754 0.000662894984289
1755 0.000661310014642
1756 0.000659729734252
1757 0.000658154126587
1758 0.000656583175182
1759 0.00065501686364
1760 0.000653455175631
1761 0.000651898094892
1762 0.000650345605225
1763 0.0006487976905
1764 0.000647254334651
1765 0.000645715521679
1766 0.00064418123565
1767 0.000642651460693
1768 0.000641126181003
1769 0.000639605380841
1770 0.000638089044528
1771 0.000636577156453
1772 0.000635069701064
1773 0.000633566662876
1774 0.000632068026464
1775 0.000630573776468
1776 0.000629083897588
1777 0.000627598374586
1778 0.000626117192288
1779 0.000624640335579
1780 0.000623167789406
1781 0.000621699538777
1782 0.000620235568759
1783 0.000618775864482
1784 0.000617320411133
1785 0.000615869193962
1786 0.000614422198274
1787 0.000612979409438
1788 0.000611540812878
1789 0.000610106394078
1790 0.000608676138582
1791 0.00060725003199
1792 0.00060582805996
1793 0.000604410208207
1794 0.000602996462506
1795 0.000601586808686
1796 0.000600181232634
1797 0.000598779720293
1798 0.000597382257664
1799 0.000595988830802
1800 0.000594599425818
1801 0.00059321402888
1802 0.000591832626209
1803 0.000590455204082
1804 0.000589081748831
1805 0.000587712246842
1806 0.000586346684556
1807 0.000584985048467
1808 0.000583627325124
1809 0.000582273501128
1810 0.000580923563134
1811 0.00057957749785
1812 0.000578235292036
1813 0.000576896932506
1814 0.000575562406126
1815 0.000574231699813
1816 0.000572904800536
1817 0.000571581695316
1818 0.000570262371226
1819 0.00056894681539
1820 0.000567635014981
1821 0.000566326957225
1822 0.000565022629397
1823 0.000563722018822
1824 0.000562425112877
1825 0.000561131898988
1826 0.000559842364628
1827 0.000558556497322
1828 0.000557274284644
1829 0.000555995714216
1830 0.000554720773708
1831 0.000553449450841
1832 0.000552181733382
1833 0.000550917609145
1834 0.000549657065996
1835 0.000548400091844
1836 0.000547146674649
1837 0.000545896802414
1838 0.000544650463194
1839 0.000543407645087
1840 0.000542168336239
1841 0.000540932524841
1842 0.000539700199132
1843 0.000538471347397
1844 0.000537245957964
1845 0.000536024019209
1846 0.000534805519553
1847 0.00053359044746
1848 0.000532378791443
1849 0.000531170540055
1850 0.000529965681898
1851 0.000528764205614
1852 0.000527566099892
1853 0.000526371353464
1854 0.000525179955106
1855 0.000523991893637
1856 0.00052280715792
1857 0.000521625736861
1858 0.000520447619408
1859 0.000519272794553
1860 0.00051810125133
1861 0.000516932978816
1862 0.000515767966129
1863 0.00051460620243
1864 0.000513447676922
1865 0.000512292378849
1866 0.000511140297496
1867 0.00050999142219
1868 0.0005088457423
1869 0.000507703247234
1870 0.000506563926443
1871 0.000505427769416
1872 0.000504294765684
1873 0.000503164904818
1874 0.000502038176429
1875 0.000500914570168
1876 0.000499794075725
1877 0.00049867668283
1878 0.000497562381253
1879 0.000496451160801
1880 0.000495343011323
1881 0.000494237922705
1882 0.000493135884872
1883 0.000492036887786
1884 0.000490940921451
1885 0.000489847975906
1886 0.000488758041228
1887 0.000487671107534
1888 0.000486587164978
1889 0.000485506203749
1890 0.000484428214076
1891 0.000483353186225
1892 0.000482281110498
1893 0.000481211977235
1894 0.000480145776811
1895 0.000479082499639
1896 0.000478022136168
1897 0.000476964676883
1898 0.000475910112305
1899 0.000474858432991
1900 0.000473809629535
1901 0.000472763692564
1902 0.000471720612743
1903 0.00047068038077
1904 0.00046964298738
1905 0.000468608423343
1906 0.000467576679462
1907 0.000466547746576
1908 0.000465521615559
1909 0.000464498277319
1910 0.000463477722797
1911 0.00046245994297
1912 0.000461444928848
1913 0.000460432671475
1914 0.000459423161928
1915 0.000458416391318
1916 0.00045741235079
1917 0.000456411031521
1918 0.000455412424723
1919 0.000454416521638
1920 0.000453423313544
1921 0.00045243279175
1922 0.000451444947597
1923 0.00045045977246
1924 0.000449477257744
1925 0.000448497394889
1926 0.000447520175365
1927 0.000446545590674
1928 0.00044557363235
1929 0.000444604291959
1930 0.000443637561098
1931 0.000442673431395
1932 0.00044171189451
1933 0.000440752942133
1934 0.000439796565985
1935 0.00043884275782
1936 0.000437891509419
1937 0.000436942812596
1938 0.000435996659196
1939 0.000435053041091
1940 0.000434111950187
1941 0.000433173378417
1942 0.000432237317746
1943 0.000431303760167
1944 0.000430372697703
1945 0.000429444122409
1946 0.000428518026366
1947 0.000427594401685
1948 0.000426673240508
1949 0.000425754535004
1950 0.000424838277371
1951 0.000423924459838
1952 0.00042301307466
1953 0.000422104114122
1954 0.000421197570536
1955 0.000420293436245
1956 0.000419391703617
1957 0.000418492365049
1958 0.000417595412969
1959 0.000416700839827
1960 0.000415808638106
1961 0.000414918800314
1962 0.000414031318987
1963 0.000413146186688
1964 0.000412263396008
1965 0.000411382939565
1966 0.000410504810002
1967 0.000409628999993
1968 0.000408755502235
1969 0.000407884309453
1970 0.000407015414399
1971 0.000406148809852
1972 0.000405284488615
1973 0.000404422443519
1974 0.000403562667421
1975 0.000402705153204
1976 0.000401849893777
1977 0.000400996882074
1978 0.000400146111056
1979 0.000399297573708
1980 0.000398451263041
1981 0.000397607172093
1982 0.000396765293925
1983 0.000395925621625
1984 0.000395088148304
1985 0.000394252867101
1986 0.000393419771176
1987 0.000392588853717
1988 0.000391760107935
1989 0.000390933527067
1990 0.000390109104372
1991 0.000389286833136
1992 0.000388466706667
1993 0.000387648718299
1994 0.000386832861389
1995 0.000386019129318
1996 0.000385207515492
1997 0.000384398013339
1998 0.000383590616312
1999 0.000382785317887
2000 0.000381982111563
2001 0.000381180990863
2002 0.000380381949334
2003 0.000379584980544
2004 0.000378790078087
2005 0.000377997235578
2006 0.000377206446654
2007 0.000376417704978
2008 0.000375631004233
2009 0.000374846338125
2010 0.000374063700384
2011 0.000373283084761
2012 0.00037250448503
2013 0.000371727894986
2014 0.000370953308448
2015 0.000370180719257
2016 0.000369410121273
2017 0.000368641508383
2018 0.000367874874491
2019 0.000367110213525
2020 0.000366347519435
2021 0.000365586786191
2022 0.000364828007785
2023 0.000364071178232
2024 0.000363316291565
2025 0.000362563341842
2026 0.00036181232314
2027 0.000361063229555
2028 0.000360316055209
2029 0.000359570794241
2030 0.000358827440811
2031 0.000358085989101
2032 0.000357346433314
2033 0.000356608767671
2034 0.000355872986416
2035 0.000355139083813
2036 0.000354407054144
2037 0.000353676891713
2038 0.000352948590846
2039 0.000352222145885
2040 0.000351497551194
2041 0.000350774801158
2042 0.00035005389018
2043 0.000349334812683
2044 0.00034861756311
2045 0.000347902135923
2046 0.000347188525605
2047 0.000346476726657
2048 0.0003457667336
2049 0.000345058540972
2050 0.000344352143334
2051 0.000343647535264
2052 0.000342944711358
2053 0.000342243666233
2054 0.000341544394523
2055 0.000340846890883
2056 0.000340151149985
2057 0.000339457166519
2058 0.000338764935196
2059 0.000338074450744
2060 0.000337385707909
2061 0.000336698701455
2062 0.000336013426167
2063 0.000335329876845
2064 0.000334648048308
2065 0.000333967935395
2066 0.000333289532961
2067 0.000332612835879
2068 0.00033193783904
2069 0.000331264537353
2070 0.000330592925745
2071 0.00032992299916
2072 0.000329254752561
2073 0.000328588180925
2074 0.000327923279251
2075 0.000327260042552
2076 0.000326598465859
2077 0.000325938544221
2078 0.000325280272705
2079 0.000324623646391
2080 0.000323968660382
2081 0.000323315309792
2082 0.000322663589756
2083 0.000322013495424
2084 0.000321365021964
2085 0.000320718164558
2086 0.000320072918409
2087 0.000319429278732
2088 0.000318787240761
2089 0.000318146799746
2090 0.000317507950953
2091 0.000316870689665
2092 0.00031623501118
2093 0.000315600910814
2094 0.000314968383898
2095 0.000314337425777
2096 0.000313708031817
2097 0.000313080197395
2098 0.000312453917906
2099 0.000311829188761
2100 0.000311206005385
2101 0.000310584363222
2102 0.000309964257729
2103 0.000309345684378
2104 0.000308728638658
2105 0.000308113116073
2106 0.000307499112143
2107 0.000306886622402
2108 0.0003062756424
2109 0.000305666167702
2110 0.000305058193889
2111 0.000304451716555
2112 0.000303846731311
2113 0.000303243233781
2114 0.000302641219607
2115 0.000302040684443
2116 0.000301441623958
2117 0.000300844033838
2118 0.000300247909781
2119 0.0002996532475
2120 0.000299060042725
2121 0.000298468291197
2122 0.000297877988675
2123 0.000297289130928
2124 0.000296701713744
2125 0.000296115732923
2126 0.000295531184278
2127 0.000294948063638
2128 0.000294366366846
2129 0.000293786089759
2130 0.000293207228246
2131 0.000292629778193
2132 0.000292053735498
2133 0.000291479096074
2134 0.000290905855846
2135 0.000290334010754
2136 0.000289763556752
2137 0.000289194489807
2138 0.000288626805899
2139 0.000288060501023
2140 0.000287495571187
2141 0.00028693201241
2142 0.000286369820729
2143 0.00028580899219
2144 0.000285249522855
2145 0.000284691408798
2146 0.000284134646106
2147 0.00028357923088
2148 0.000283025159233
2149 0.000282472427293
2150 0.000281921031197
2151 0.0002813709671
2152 0.000280822231165
2153 0.000280274819572
2154 0.000279728728512
2155 0.000279183954187
2156 0.000278640492814
2157 0.000278098340622
2158 0.000277557493853
2159 0.00027701794876
2160 0.00027647970161
2161 0.000275942748682
2162 0.000275407086267
2163 0.000274872710669
2164 0.000274339618204
2165 0.000273807805199
2166 0.000273277267996
2167 0.000272748002946
2168 0.000272220006414
2169 0.000271693274778
2170 0.000271167804425
2171 0.000270643591757
2172 0.000270120633185
2173 0.000269598925134
2174 0.000269078464042
2175 0.000268559246354
2176 0.000268041268533
2177 0.000267524527048
2178 0.000267009018383
2179 0.000266494739034
2180 0.000265981685505
2181 0.000265469854316
2182 0.000264959241995
2183 0.000264449845084
2184 0.000263941660134
2185 0.000263434683709
2186 0.000262928912384
2187 0.000262424342745
2188 0.000261920971389
2189 0.000261418794926
2190 0.000260917809973
2191 0.000260418013163
2192 0.000259919401138
2193 0.000259421970549
2194 0.000258925718061
2195 0.000258430640348
2196 0.000257936734097
2197 0.000257443996004
2198 0.000256952422776
2199 0.00025646201113
2200 0.000255972757797
2201 0.000255484659516
2202 0.000254997713036
2203 0.000254511915118
2204 0.000254027262534
2205 0.000253543752067
2206 0.000253061380507
2207 0.000252580144658
2208 0.000252100041333
2209 0.000251621067357
2210 0.000251143219562
2211 0.000250666494793
2212 0.000250190889905
2213 0.000249716401763
2214 0.000249243027241
2215 0.000248770763224
2216 0.000248299606609
2217 0.0002478295543
2218 0.000247360603212
2219 0.00024689275027
2220 0.000246425992411
2221 0.00024596032658
2222 0.000245495749731
2223 0.000245032258829
2224 0.00024456985085
2225 0.000244108522777
2226 0.000243648271606
2227 0.00024318909434
2228 0.000242730987994
2229 0.000242273949589
2230 0.00024181797616
2231 0.000241363064748
2232 0.000240909212407
2233 0.000240456416197
2234 0.000240004673189
2235 0.000239553980465
2236 0.000239104335113
2237 0.000238655734233
2238 0.000238208174934
2239 0.000237761654333
2240 0.000237316169558
2241 0.000236871717745
2242 0.000236428296038
2243 0.000235985901594
2244 0.000235544531575
2245 0.000235104183155
2246 0.000234664853516
2247 0.000234226539847
2248 0.000233789239351
2249 0.000233352949234
2250 0.000232917666716
2251 0.000232483389022
2252 0.000232050113389
2253 0.00023161783706
2254 0.00023118655729
2255 0.000230756271339
2256 0.00023032697648
2257 0.00022989866999
2258 0.000229471349158
2259 0.000229045011281
2260 0.000228619653664
2261 0.000228195273621
2262 0.000227771868475
2263 0.000227349435556
2264 0.000226927972203
2265 0.000226507475765
2266 0.000226087943599
2267 0.000225669373067
2268 0.000225251761545
2269 0.000224835106412
2270 0.00022441940506
2271 0.000224004654885
2272 0.000223590853293
2273 0.0002231779977
2274 0.000222766085528
2275 0.000222355114207
2276 0.000221945081177
2277 0.000221535983884
2278 0.000221127819783
2279 0.000220720586338
2280 0.000220314281019
2281 0.000219908901306
2282 0.000219504444685
2283 0.000219100908651
2284 0.000218698290708
2285 0.000218296588365
2286 0.000217895799141
2287 0.000217495920563
2288 0.000217096950165
2289 0.000216698885487
2290 0.000216301724081
2291 0.000215905463503
2292 0.000215510101318
2293 0.000215115635099
2294 0.000214722062425
2295 0.000214329380885
2296 0.000213937588074
2297 0.000213546681595
2298 0.000213156659057
2299 0.000212767518079
2300 0.000212379256287
2301 0.000211991871312
2302 0.000211605360795
2303 0.000211219722384
2304 0.000210834953732
2305 0.000210451052503
2306 0.000210068016366
2307 0.000209685842998
2308 0.000209304530081
2309 0.000208924075309
2310 0.000208544476378
2311 0.000208165730994
2312 0.000207787836871
2313 0.000207410791728
2314 0.000207034593291
2315 0.000206659239295
2316 0.000206284727481
2317 0.000205911055596
2318 0.000205538221396
2319 0.000205166222643
2320 0.000204795057105
2321 0.000204424722558
2322 0.000204055216785
2323 0.000203686537576
2324 0.000203318682726
2325 0.000202951650039
2326 0.000202585437326
2327 0.000202220042402
2328 0.000201855463092
2329 0.000201491697226
2330 0.00020112874264
2331 0.000200766597178
2332 0.000200405258691
2333 0.000200044725036
2334 0.000199684994075
2335 0.00019932606368
2336 0.000198967931726
2337 0.000198610596098
2338 0.000198254054684
2339 0.000197898305381
2340 0.000197543346091
2341 0.000197189174724
2342 0.000196835789196
2343 0.000196483187428
2344 0.000196131367348
2345 0.000195780326891
2346 0.000195430063999
2347 0.000195080576619
2348 0.000194731862703
2349 0.000194383920213
2350 0.000194036747113
2351 0.000193690341378
2352 0.000193344700984
2353 0.000192999823918
2354 0.000192655708169
2355 0.000192312351735
2356 0.000191969752619
2357 0.000191627908831
2358 0.000191286818385
2359 0.000190946479303
2360 0.000190606889612
2361 0.000190268047346
2362 0.000189929950545
2363 0.000189592597253
2364 0.000189255985522
2365 0.000188920113409
2366 0.000188584978977
2367 0.000188250580296
2368 0.000187916915441
2369 0.000187583982491
2370 0.000187251779535
2371 0.000186920304663
2372 0.000186589555975
2373 0.000186259531574
2374 0.00018593022957
2375 0.000185601648079
2376 0.000185273785221
2377 0.000184946639124
2378 0.00018462020792
2379 0.000184294489746
2380 0.000183969482748
2381 0.000183645185074
2382 0.000183321594879
2383 0.000182998710323
2384 0.000182676529574
2385 0.000182355050802
2386 0.000182034272184
2387 0.000181714191904
2388 0.000181394808149
2389 0.000181076119113
2390 0.000180758122996
2391 0.000180440818
2392 0.000180124202336
2393 0.00017980827422
2394 0.000179493031872
2395 0.000179178473518
2396 0.000178864597389
2397 0.000178551401722
2398 0.000178238884758
2399 0.000177927044745
2400 0.000177615879934
2401 0.000177305388585
2402 0.000176995568959
2403 0.000176686419324
2404 0.000176377937954
2405 0.000176070123128
2406 0.000175762973128
2407 0.000175456486243
2408 0.000175150660767
2409 0.000174845495
2410 0.000174540987244
2411 0.000174237135809
2412 0.000173933939009
2413 0.000173631395164
2414 0.000173329502596
2415 0.000173028259636
2416 0.000172727664617
2417 0.000172427715878
2418 0.000172128411764
2419 0.000171829750623
2420 0.000171531730809
2421 0.00017123435068
2422 0.000170937608601
2423 0.00017064150294
2424 0.000170346032069
2425 0.000170051194368
2426 0.000169756988219
2427 0.000169463412009
2428 0.000169170464131
2429 0.000168878142983
2430 0.000168586446967
2431 0.000168295374488
2432 0.000168004923959
2433 0.000167715093796
2434 0.000167425882419
2435 0.000167137288255
2436 0.000166849309732
2437 0.000166561945286
2438 0.000166275193357
2439 0.000165989052388
2440 0.000165703520827
2441 0.000165418597129
2442 0.00016513427975
2443 0.000164850567154
2444 0.000164567457806
2445 0.000164284950178
2446 0.000164003042746
2447 0.00016372173399
2448 0.000163441022394
2449 0.000163160906449
2450 0.000162881384648
2451 0.000162602455488
2452 0.000162324117472
2453 0.000162046369107
2454 0.000161769208904
2455 0.000161492635379
2456 0.000161216647052
2457 0.000160941242447
2458 0.000160666420093
2459 0.000160392178522
2460 0.000160118516271
2461 0.000159845431883
2462 0.000159572923903
2463 0.00015930099088
2464 0.00015902963137
2465 0.00015875884393
2466 0.000158488627123
2467 0.000158218979516
2468 0.00015794989968
2469 0.00015768138619
2470 0.000157413437626
2471 0.000157146052571
2472 0.000156879229612
2473 0.000156612967341
2474 0.000156347264354
2475 0.000156082119252
2476 0.000155817530637
2477 0.000155553497117
2478 0.000155290017306
2479 0.000155027089818
2480 0.000154764713275
2481 0.000154502886299
2482 0.00015424160752
2483 0.000153980875569
2484 0.000153720689082
2485 0.000153461046699
2486 0.000153201947064
2487 0.000152943388825
2488 0.000152685370634
2489 0.000152427891145
2490 0.00015217094902
2491 0.000151914542921
2492 0.000151658671515
2493 0.000151403333473
2494 0.000151148527471
2495 0.000150894252187
2496 0.000150640506304
2497 0.000150387288508
2498 0.000150134597488
2499 0.00014988243194
2500 0.000149630790561
2501 0.000149379672052
2502 0.000149129075118
2503 0.000148878998468
2504 0.000148629440815
2505 0.000148380400875
2506 0.000148131877368
2507 0.000147883869018
2508 0.000147636374551
2509 0.0001473893927
2510 0.000147142922198
2511 0.000146896961783
2512 0.000146651510198
2513 0.000146406566188
2514 0.000146162128502
2515 0.000145918195893
2516 0.000145674767116
2517 0.000145431840931
2518 0.000145189416103
2519 0.000144947491397
2520 0.000144706065583
2521 0.000144465137436
2522 0.000144224705734
2523 0.000143984769256
2524 0.000143745326787
2525 0.000143506377115
2526 0.000143267919031
2527 0.00014302995133
2528 0.000142792472809
2529 0.000142555482271
2530 0.00014231897852
2531 0.000142082960365
2532 0.000141847426617
2533 0.000141612376091
2534 0.000141377807605
2535 0.000141143719983
2536 0.000140910112047
2537 0.000140676982628
2538 0.000140444330557
2539 0.000140212154669
2540 0.000139980453802
2541 0.000139749226799
2542 0.000139518472503
2543 0.000139288189763
2544 0.000139058377432
2545 0.000138829034362
2546 0.000138600159413
2547 0.000138371751446
2548 0.000138143809325
2549 0.000137916331918
2550 0.000137689318095
2551 0.00013746276673
2552 0.000137236676702
2553 0.000137011046889
2554 0.000136785876176
2555 0.000136561163449
2556 0.000136336907598
2557 0.000136113107515
2558 0.000135889762098
2559 0.000135666870244
2560 0.000135444430857
2561 0.000135222442841
2562 0.000135000905105
2563 0.000134779816561
2564 0.000134559176122
2565 0.000134338982706
2566 0.000134119235234
2567 0.00013389993263
2568 0.000133681073819
2569 0.000133462657733
2570 0.000133244683303
2571 0.000133027149464
2572 0.000132810055156
2573 0.000132593399321
2574 0.000132377180901
2575 0.000132161398846
2576 0.000131946052105
2577 0.000131731139632
2578 0.000131516660383
2579 0.000131302613317
2580 0.000131088997396
2581 0.000130875811586
2582 0.000130663054853
2583 0.000130450726169
2584 0.000130238824508
2585 0.000130027348845
2586 0.00012981629816
2587 0.000129605671435
2588 0.000129395467656
2589 0.000129185685809
2590 0.000128976324886
2591 0.00012876738388
2592 0.000128558861787
2593 0.000128350757606
2594 0.000128143070339
2595 0.00012793579899
2596 0.000127728942566
2597 0.000127522500079
2598 0.000127316470539
2599 0.000127110852964
2600 0.000126905646371
2601 0.00012670084978
2602 0.000126496462217
2603 0.000126292482707
2604 0.000126088910279
2605 0.000125885743964
2606 0.000125682982798
2607 0.000125480625817
2608 0.000125278672061
2609 0.000125077120573
2610 0.000124875970397
2611 0.000124675220581
2612 0.000124474870176
2613 0.000124274918233
2614 0.00012407536381
2615 0.000123876205963
2616 0.000123677443753
2617 0.000123479076244
2618 0.000123281102502
2619 0.000123083521595
2620 0.000122886332593
2621 0.000122689534571
2622 0.000122493126604
2623 0.000122297107772
2624 0.000122101477154
2625 0.000121906233836
2626 0.000121711376902
2627 0.000121516905442
2628 0.000121322818546
2629 0.000121129115309
2630 0.000120935794826
2631 0.000120742856196
2632 0.000120550298521
2633 0.000120358120903
2634 0.000120166322448
2635 0.000119974902266
2636 0.000119783859466
2637 0.000119593193162
2638 0.000119402902469
2639 0.000119212986507
2640 0.000119023444395
2641 0.000118834275256
2642 0.000118645478215
2643 0.0001184570524
2644 0.000118268996941
2645 0.000118081310971
2646 0.000117893993624
2647 0.000117707044038
2648 0.000117520461351
2649 0.000117334244705
2650 0.000117148393246
2651 0.000116962906118
2652 0.000116777782471
2653 0.000116593021457
2654 0.000116408622227
2655 0.000116224583939
2656 0.000116040905749
2657 0.000115857586819
2658 0.00011567462631
2659 0.000115492023387
2660 0.000115309777219
2661 0.000115127886972
2662 0.00011494635182
2663 0.000114765170936
2664 0.000114584343497
2665 0.000114403868679
2666 0.000114223745664
2667 0.000114043973634
2668 0.000113864551775
2669 0.000113685479273
2670 0.000113506755317
2671 0.000113328379099
2672 0.000113150349813
2673 0.000112972666654
2674 0.00011279532882
2675 0.000112618335512
2676 0.000112441685931
2677 0.000112265379282
2678 0.000112089414772
2679 0.000111913791609
2680 0.000111738509003
2681 0.000111563566169
2682 0.000111388962321
2683 0.000111214696675
2684 0.000111040768452
2685 0.000110867176872
2686 0.00011069392116
2687 0.00011052100054
2688 0.000110348414239
2689 0.000110176161489
2690 0.000110004241519
2691 0.000109832653565
2692 0.000109661396861
2693 0.000109490470646
2694 0.00010931987416
2695 0.000109149606644
2696 0.000108979667342
2697 0.0001088100555
2698 0.000108640770367
2699 0.000108471811192
2700 0.000108303177227
2701 0.000108134867725
2702 0.000107966881944
2703 0.000107799219141
2704 0.000107631878575
2705 0.000107464859509
2706 0.000107298161206
2707 0.000107131782933
2708 0.000106965723956
2709 0.000106799983546
2710 0.000106634560974
2711 0.000106469455513
2712 0.00010630466644
2713 0.000106140193032
2714 0.000105976034567
2715 0.000105812190327
2716 0.000105648659596
2717 0.000105485441658
2718 0.000105322535799
2719 0.00010515994131
2720 0.00010499765748
2721 0.000104835683603
2722 0.000104674018972
2723 0.000104512662884
2724 0.000104351614637
2725 0.000104190873531
2726 0.000104030438868
2727 0.000103870309951
2728 0.000103710486087
2729 0.000103550966582
2730 0.000103391750745
2731 0.000103232837889
2732 0.000103074227324
2733 0.000102915918367
2734 0.000102757910333
2735 0.000102600202541
2736 0.000102442794311
2737 0.000102285684965
2738 0.000102128873825
2739 0.000101972360218
2740 0.000101816143471
2741 0.000101660222913
2742 0.000101504597874
2743 0.000101349267686
2744 0.000101194231685
2745 0.000101039489205
2746 0.000100885039585
2747 0.000100730882163
2748 0.000100577016282
2749 0.000100423441283
2750 0.000100270156512
2751 0.000100117161315
2752 9.99644550393e-05
2753 9.98120370351e-05
2754 9.96599066537e-05
2755 9.95080632482e-05
2756 9.93565061735e-05
2757 9.92052347859e-05
2758 9.90542484436e-05
2759 9.89035465064e-05
2760 9.87531283359e-05
2761 9.86029932951e-05
2762 9.8453140749e-05
2763 9.83035700639e-05
2764 9.81542806079e-05
2765 9.80052717509e-05
2766 9.78565428642e-05
2767 9.77080933209e-05
2768 9.75599224956e-05
2769 9.74120297647e-05
2770 9.72644145059e-05
2771 9.71170760989e-05
2772 9.69700139249e-05
2773 9.68232273664e-05
2774 9.66767158079e-05
2775 9.65304786354e-05
2776 9.63845152363e-05
2777 9.62388249998e-05
2778 9.60934073165e-05
2779 9.59482615788e-05
2780 9.58033871805e-05
2781 9.5658783517e-05
2782 9.55144499853e-05
2783 9.53703859839e-05
2784 9.5226590913e-05
2785 9.50830641742e-05
2786 9.49398051707e-05
2787 9.47968133072e-05
2788 9.465408799e-05
2789 9.45116286269e-05
2790 9.43694346272e-05
2791 9.42275054018e-05
2792 9.4085840363e-05
2793 9.39444389247e-05
2794 9.38033005024e-05
2795 9.36624245129e-05
2796 9.35218103747e-05
2797 9.33814575075e-05
2798 9.32413653329e-05
2799 9.31015332737e-05
2800 9.29619607542e-05
2801 9.28226472003e-05
2802 9.26835920393e-05
2803 9.25447946999e-05
2804 9.24062546125e-05
2805 9.22679712088e-05
2806 9.21299439218e-05
2807 9.19921721863e-05
2808 9.18546554382e-05
2809 9.17173931152e-05
2810 9.15803846562e-05
2811 9.14436295015e-05
2812 9.1307127093e-05
2813 9.11708768739e-05
2814 9.10348782889e-05
2815 9.08991307842e-05
2816 9.07636338071e-05
2817 9.06283868067e-05
2818 9.04933892332e-05
2819 9.03586405384e-05
2820 9.02241401755e-05
2821 9.00898875989e-05
2822 8.99558822645e-05
2823 8.98221236298e-05
2824 8.96886111532e-05
2825 8.9555344295e-05
2826 8.94223225166e-05
2827 8.92895452807e-05
2828 8.91570120515e-05
2829 8.90247222947e-05
2830 8.8892675477e-05
2831 8.87608710668e-05
2832 8.86293085336e-05
2833 8.84979873484e-05
2834 8.83669069835e-05
2835 8.82360669125e-05
2836 8.81054666104e-05
2837 8.79751055536e-05
2838 8.78449832195e-05
2839 8.77150990873e-05
2840 8.75854526371e-05
2841 8.74560433506e-05
2842 8.73268707106e-05
2843 8.71979342014e-05
2844 8.70692333085e-05
2845 8.69407675186e-05
2846 8.68125363201e-05
2847 8.66845392021e-05
2848 8.65567756555e-05
2849 8.64292451722e-05
2850 8.63019472455e-05
2851 8.61748813699e-05
2852 8.60480470414e-05
2853 8.59214437568e-05
2854 8.57950710147e-05
2855 8.56689283147e-05
2856 8.55430151575e-05
2857 8.54173310455e-05
2858 8.5291875482e-05
2859 8.51666479716e-05
2860 8.50416480202e-05
2861 8.4916875135e-05
2862 8.47923288243e-05
2863 8.46680085978e-05
2864 8.45439139663e-05
2865 8.44200444419e-05
2866 8.42963995378e-05
2867 8.41729787687e-05
2868 8.40497816502e-05
2869 8.39268076993e-05
2870 8.38040564341e-05
2871 8.36815273741e-05
2872 8.35592200398e-05
2873 8.3437133953e-05
2874 8.33152686366e-05
2875 8.31936236148e-05
2876 8.3072198413e-05
2877 8.29509925578e-05
2878 8.28300055768e-05
2879 8.2709236999e-05
2880 8.25886863544e-05
2881 8.24683531744e-05
2882 8.23482369913e-05
2883 8.22283373388e-05
2884 8.21086537516e-05
2885 8.19891857656e-05
2886 8.18699329179e-05
2887 8.17508947468e-05
2888 8.16320707917e-05
2889 8.1513460593e-05
2890 8.13950636924e-05
2891 8.12768796328e-05
2892 8.11589079581e-05
2893 8.10411482134e-05
2894 8.09235999449e-05
2895 8.08062627001e-05
2896 8.06891360272e-05
2897 8.0572219476e-05
2898 8.04555125971e-05
2899 8.03390149424e-05
2900 8.02227260649e-05
2901 8.01066455185e-05
2902 7.99907728584e-05
2903 7.98751076409e-05
2904 7.97596494233e-05
2905 7.96443977642e-05
2906 7.95293522229e-05
2907 7.94145123603e-05
2908 7.92998777379e-05
2909 7.91854479186e-05
2910 7.90712224664e-05
2911 7.89572009461e-05
2912 7.88433829238e-05
2913 7.87297679666e-05
2914 7.86163556427e-05
2915 7.85031455214e-05
2916 7.8390137173e-05
2917 7.82773301687e-05
2918 7.81647240812e-05
2919 7.80523184838e-05
2920 7.79401129511e-05
2921 7.78281070587e-05
2922 7.77163003832e-05
2923 7.76046925022e-05
2924 7.74932829945e-05
2925 7.73820714399e-05
2926 7.7271057419e-05
2927 7.71602405138e-05
2928 7.7049620307e-05
2929 7.69391963826e-05
2930 7.68289683253e-05
2931 7.67189357212e-05
2932 7.66090981571e-05
2933 7.64994552209e-05
2934 7.63900065017e-05
2935 7.62807515893e-05
2936 7.61716900748e-05
2937 7.606282155e-05
2938 7.59541456079e-05
2939 7.58456618426e-05
2940 7.57373698489e-05
2941 7.56292692228e-05
2942 7.55213595612e-05
2943 7.5413640462e-05
2944 7.53061115242e-05
2945 7.51987723476e-05
2946 7.5091622533e-05
2947 7.49846616823e-05
2948 7.48778893984e-05
2949 7.47713052848e-05
2950 7.46649089465e-05
2951 7.45586999891e-05
2952 7.44526780193e-05
2953 7.43468426446e-05
2954 7.42411934737e-05
2955 7.41357301161e-05
2956 7.40304521823e-05
2957 7.39253592836e-05
2958 7.38204510326e-05
2959 7.37157270424e-05
2960 7.36111869274e-05
2961 7.35068303028e-05
2962 7.34026567846e-05
2963 7.32986659899e-05
2964 7.31948575368e-05
2965 7.30912310441e-05
2966 7.29877861317e-05
2967 7.28845224204e-05
2968 7.27814395318e-05
2969 7.26785370885e-05
2970 7.25758147141e-05
2971 7.2473272033e-05
2972 7.23709086705e-05
2973 7.22687242528e-05
2974 7.21667184072e-05
2975 7.20648907616e-05
2976 7.1963240945e-05
2977 7.18617685873e-05
2978 7.17604733192e-05
2979 7.16593547723e-05
2980 7.15584125792e-05
2981 7.14576463732e-05
2982 7.13570557887e-05
2983 7.12566404608e-05
2984 7.11564000256e-05
2985 7.105633412e-05
2986 7.09564423818e-05
2987 7.08567244498e-05
2988 7.07571799634e-05
2989 7.06578085631e-05
2990 7.05586098902e-05
2991 7.04595835867e-05
2992 7.03607292958e-05
2993 7.02620466613e-05
2994 7.01635353279e-05
2995 7.00651949412e-05
2996 6.99670251476e-05
2997 6.98690255944e-05
2998 6.97711959297e-05
2999 6.96735358025e-05
3000 6.95760448625e-05
3001 6.94787227605e-05
3002 6.9381569148e-05
3003 6.92845836771e-05
3004 6.91877660012e-05
3005 6.90911157742e-05
3006 6.89946326509e-05
3007 6.88983162869e-05
3008 6.88021663387e-05
3009 6.87061824636e-05
3010 6.86103643197e-05
3011 6.85147115659e-05
3012 6.84192238619e-05
3013 6.83239008684e-05
3014 6.82287422466e-05
3015 6.81337476587e-05
3016 6.80389167678e-05
3017 6.79442492375e-05
3018 6.78497447325e-05
3019 6.77554029181e-05
3020 6.76612234605e-05
3021 6.75672060267e-05
3022 6.74733502845e-05
3023 6.73796559023e-05
3024 6.72861225497e-05
3025 6.71927498965e-05
3026 6.70995376139e-05
3027 6.70064853735e-05
3028 6.69135928478e-05
3029 6.68208597099e-05
3030 6.67282856341e-05
3031 6.6635870295e-05
3032 6.65436133682e-05
3033 6.64515145301e-05
3034 6.63595734578e-05
3035 6.62677898292e-05
3036 6.6176163323e-05
3037 6.60846936184e-05
3038 6.59933803958e-05
3039 6.5902223336e-05
3040 6.58112221207e-05
3041 6.57203764323e-05
3042 6.5629685954e-05
3043 6.55391503698e-05
3044 6.54487693643e-05
3045 6.53585426229e-05
3046 6.52684698319e-05
3047 6.51785506781e-05
3048 6.50887848491e-05
3049 6.49991720334e-05
3050 6.490971192e-05
3051 6.48204041989e-05
3052 6.47312485606e-05
3053 6.46422446965e-05
3054 6.45533922984e-05
3055 6.44646910594e-05
3056 6.43761406727e-05
3057 6.42877408327e-05
3058 6.41994912342e-05
3059 6.41113915729e-05
3060 6.40234415453e-05
3061 6.39356408482e-05
3062 6.38479891796e-05
3063 6.3760486238e-05
3064 6.36731317225e-05
3065 6.35859253331e-05
3066 6.34988667704e-05
3067 6.34119557357e-05
3068 6.3325191931e-05
3069 6.32385750591e-05
3070 6.31521048233e-05
3071 6.30657809278e-05
3072 6.29796030774e-05
3073 6.28935709776e-05
3074 6.28076843345e-05
3075 6.27219428551e-05
3076 6.26363462469e-05
3077 6.25508942182e-05
3078 6.24655864778e-05
3079 6.23804227354e-05
3080 6.22954027013e-05
3081 6.22105260863e-05
3082 6.21257926023e-05
3083 6.20412019614e-05
3084 6.19567538767e-05
3085 6.18724480617e-05
3086 6.17882842309e-05
3087 6.17042620992e-05
3088 6.16203813822e-05
3089 6.15366417963e-05
3090 6.14530430584e-05
3091 6.13695848862e-05
3092 6.12862669979e-05
3093 6.12030891126e-05
3094 6.11200509497e-05
3095 6.10371522295e-05
3096 6.0954392673e-05
3097 6.08717720016e-05
3098 6.07892899377e-05
3099 6.07069462039e-05
3100 6.06247405239e-05
3101 6.05426726216e-05
3102 6.0460742222e-05
3103 6.03789490503e-05
3104 6.02972928326e-05
3105 6.02157732957e-05
3106 6.01343901667e-05
3107 6.00531431737e-05
3108 5.99720320453e-05
3109 5.98910565105e-05
3110 5.98102162992e-05
3111 5.9729511142e-05
3112 5.96489407698e-05
3113 5.95685049143e-05
3114 5.94882033079e-05
3115 5.94080356835e-05
3116 5.93280017747e-05
3117 5.92481013155e-05
3118 5.91683340409e-05
3119 5.90886996861e-05
3120 5.90091979872e-05
3121 5.89298286807e-05
3122 5.8850591504e-05
3123 5.87714861948e-05
3124 5.86925124915e-05
3125 5.86136701332e-05
3126 5.85349588595e-05
3127 5.84563784106e-05
3128 5.83779285274e-05
3129 5.82996089512e-05
3130 5.82214194242e-05
3131 5.81433596888e-05
3132 5.80654294883e-05
3133 5.79876285666e-05
3134 5.79099566678e-05
3135 5.78324135372e-05
3136 5.77549989201e-05
3137 5.76777125627e-05
3138 5.76005542117e-05
3139 5.75235236145e-05
3140 5.74466205189e-05
3141 5.73698446733e-05
3142 5.72931958268e-05
3143 5.7216673729e-05
3144 5.71402781301e-05
3145 5.70640087808e-05
3146 5.69878654324e-05
3147 5.69118478369e-05
3148 5.68359557466e-05
3149 5.67601889147e-05
3150 5.66845470946e-05
3151 5.66090300406e-05
3152 5.65336375073e-05
3153 5.645836925e-05
3154 5.63832250246e-05
3155 5.63082045873e-05
3156 5.62333076953e-05
3157 5.61585341059e-05
3158 5.60838835772e-05
3159 5.60093558678e-05
3160 5.59349507369e-05
3161 5.58606679441e-05
3162 5.57865072496e-05
3163 5.57124684144e-05
3164 5.56385511997e-05
3165 5.55647553673e-05
3166 5.54910806798e-05
3167 5.54175269e-05
3168 5.53440937915e-05
3169 5.52707811182e-05
3170 5.51975886448e-05
3171 5.51245161363e-05
3172 5.50515633584e-05
3173 5.49787300773e-05
3174 5.49060160596e-05
3175 5.48334210726e-05
3176 5.4760944884e-05
3177 5.46885872622e-05
3178 5.46163479758e-05
3179 5.45442267942e-05
3180 5.44722234874e-05
3181 5.44003378255e-05
3182 5.43285695797e-05
3183 5.42569185211e-05
3184 5.41853844219e-05
3185 5.41139670543e-05
3186 5.40426661914e-05
3187 5.39714816066e-05
3188 5.39004130739e-05
3189 5.38294603678e-05
3190 5.37586232633e-05
3191 5.36879015359e-05
3192 5.36172949616e-05
3193 5.35468033169e-05
3194 5.34764263788e-05
3195 5.34061639248e-05
3196 5.3336015733e-05
3197 5.32659815819e-05
3198 5.31960612505e-05
3199 5.31262545184e-05
3200 5.30565611654e-05
3201 5.29869809722e-05
3202 5.29175137198e-05
3203 5.28481591895e-05
3204 5.27789171635e-05
3205 5.27097874242e-05
3206 5.26407697545e-05
3207 5.25718639379e-05
3208 5.25030697583e-05
3209 5.24343870001e-05
3210 5.23658154483e-05
3211 5.22973548882e-05
3212 5.22290051058e-05
3213 5.21607658872e-05
3214 5.20926370194e-05
3215 5.20246182896e-05
3216 5.19567094857e-05
3217 5.18889103958e-05
3218 5.18212208088e-05
3219 5.17536405137e-05
3220 5.16861693003e-05
3221 5.16188069587e-05
3222 5.15515532795e-05
3223 5.14844080538e-05
3224 5.14173710731e-05
3225 5.13504421294e-05
3226 5.12836210152e-05
3227 5.12169075234e-05
3228 5.11503014474e-05
3229 5.10838025811e-05
3230 5.10174107187e-05
3231 5.09511256551e-05
3232 5.08849471855e-05
3233 5.08188751056e-05
3234 5.07529092114e-05
3235 5.06870492996e-05
3236 5.06212951673e-05
3237 5.05556466119e-05
3238 5.04901034313e-05
3239 5.0424665424e-05
3240 5.03593323889e-05
3241 5.02941041251e-05
3242 5.02289804324e-05
3243 5.01639611111e-05
3244 5.00990459617e-05
3245 5.00342347853e-05
3246 4.99695273834e-05
3247 4.99049235579e-05
3248 4.98404231113e-05
3249 4.97760258463e-05
3250 4.97117315662e-05
3251 4.96475400747e-05
3252 4.9583451176e-05
3253 4.95194646745e-05
3254 4.94555803753e-05
3255 4.93917980839e-05
3256 4.93281176059e-05
3257 4.92645387479e-05
3258 4.92010613164e-05
3259 4.91376851186e-05
3260 4.9074409962e-05
3261 4.90112356547e-05
3262 4.89481620051e-05
3263 4.8885188822e-05
3264 4.88223159146e-05
3265 4.87595430927e-05
3266 4.86968701662e-05
3267 4.86342969459e-05
3268 4.85718232424e-05
3269 4.85094488674e-05
3270 4.84471736324e-05
3271 4.83849973496e-05
3272 4.83229198317e-05
3273 4.82609408917e-05
3274 4.81990603429e-05
3275 4.81372779993e-05
3276 4.80755936749e-05
3277 4.80140071845e-05
3278 4.79525183432e-05
3279 4.78911269663e-05
3280 4.78298328697e-05
3281 4.77686358697e-05
3282 4.77075357829e-05
3283 4.76465324265e-05
3284 4.75856256179e-05
3285 4.75248151749e-05
3286 4.74641009158e-05
3287 4.74034826593e-05
3288 4.73429602245e-05
3289 4.72825334308e-05
3290 4.7222202098e-05
3291 4.71619660464e-05
3292 4.71018250967e-05
3293 4.70417790698e-05
3294 4.69818277872e-05
3295 4.69219710708e-05
3296 4.68622087426e-05
3297 4.68025406253e-05
3298 4.67429665419e-05
3299 4.66834863158e-05
3300 4.66240997706e-05
3301 4.65648067305e-05
3302 4.65056070201e-05
3303 4.64465004642e-05
3304 4.63874868881e-05
3305 4.63285661174e-05
3306 4.62697379783e-05
3307 4.62110022971e-05
3308 4.61523589006e-05
3309 4.60938076159e-05
3310 4.60353482708e-05
3311 4.59769806929e-05
3312 4.59187047108e-05
3313 4.58605201529e-05
3314 4.58024268485e-05
3315 4.57444246268e-05
3316 4.56865133176e-05
3317 4.56286927512e-05
3318 4.5570962758e-05
3319 4.55133231689e-05
3320 4.54557738152e-05
3321 4.53983145285e-05
3322 4.53409451408e-05
3323 4.52836654843e-05
3324 4.5226475392e-05
3325 4.51693746967e-05
3326 4.5112363232e-05
3327 4.50554408317e-05
3328 4.49986073298e-05
3329 4.49418625609e-05
3330 4.488520636e-05
3331 4.48286385621e-05
3332 4.47721590029e-05
3333 4.47157675184e-05
3334 4.46594639448e-05
3335 4.46032481187e-05
3336 4.45471198772e-05
3337 4.44910790577e-05
3338 4.44351254977e-05
3339 4.43792590355e-05
3340 4.43234795093e-05
3341 4.42677867579e-05
3342 4.42121806204e-05
3343 4.41566609362e-05
3344 4.41012275452e-05
3345 4.40458802875e-05
3346 4.39906190035e-05
3347 4.39354435341e-05
3348 4.38803537203e-05
3349 4.38253494038e-05
3350 4.37704304264e-05
3351 4.37155966302e-05
3352 4.36608478578e-05
3353 4.3606183952e-05
3354 4.3551604756e-05
3355 4.34971101134e-05
3356 4.3442699868e-05
3357 4.3388373864e-05
3358 4.3334131946e-05
3359 4.32799739588e-05
3360 4.32258997476e-05
3361 4.31719091579e-05
3362 4.31180020358e-05
3363 4.30641782272e-05
3364 4.30104375787e-05
3365 4.29567799373e-05
3366 4.290320515e-05
3367 4.28497130644e-05
3368 4.27963035283e-05
3369 4.27429763898e-05
3370 4.26897314975e-05
3371 4.26365687001e-05
3372 4.25834878468e-05
3373 4.2530488787e-05
3374 4.24775713705e-05
3375 4.24247354474e-05
3376 4.2371980868e-05
3377 4.23193074832e-05
3378 4.22667151439e-05
3379 4.22142037016e-05
3380 4.21617730078e-05
3381 4.21094229146e-05
3382 4.20571532744e-05
3383 4.20049639396e-05
3384 4.19528547634e-05
3385 4.19008255988e-05
3386 4.18488762995e-05
3387 4.17970067194e-05
3388 4.17452167126e-05
3389 4.16935061336e-05
3390 4.16418748373e-05
3391 4.15903226787e-05
3392 4.15388495133e-05
3393 4.14874551967e-05
3394 4.14361395851e-05
3395 4.13849025347e-05
3396 4.13337439022e-05
3397 4.12826635446e-05
3398 4.1231661319e-05
3399 4.1180737083e-05
3400 4.11298906946e-05
3401 4.10791220117e-05
3402 4.1028430893e-05
3403 4.09778171971e-05
3404 4.0927280783e-05
3405 4.08768215102e-05
3406 4.08264392383e-05
3407 4.07761338272e-05
3408 4.07259051371e-05
3409 4.06757530287e-05
3410 4.06256773626e-05
3411 4.0575678e-05
3412 4.05257548025e-05
3413 4.04759076315e-05
3414 4.04261363492e-05
3415 4.03764408178e-05
3416 4.03268209e-05
3417 4.02772764585e-05
3418 4.02278073565e-05
3419 4.01784134575e-05
3420 4.01290946253e-05
3421 4.00798507237e-05
3422 4.00306816172e-05
3423 3.99815871703e-05
3424 3.99325672478e-05
3425 3.98836217151e-05
3426 3.98347504374e-05
3427 3.97859532805e-05
3428 3.97372301104e-05
3429 3.96885807935e-05
3430 3.96400051962e-05
3431 3.95915031854e-05
3432 3.95430746282e-05
3433 3.94947193921e-05
3434 3.94464373448e-05
3435 3.93982283541e-05
3436 3.93500922883e-05
3437 3.9302029016e-05
3438 3.92540384059e-05
3439 3.92061203271e-05
3440 3.91582746489e-05
3441 3.91105012409e-05
3442 3.9062799973e-05
3443 3.90151707155e-05
3444 3.89676133385e-05
3445 3.8920127713e-05
3446 3.88727137099e-05
3447 3.88253712003e-05
3448 3.87781000558e-05
3449 3.87309001482e-05
3450 3.86837713494e-05
3451 3.86367135319e-05
3452 3.85897265682e-05
3453 3.85428103311e-05
3454 3.84959646937e-05
3455 3.84491895294e-05
3456 3.84024847118e-05
3457 3.83558501148e-05
3458 3.83092856126e-05
3459 3.82627910796e-05
3460 3.82163663905e-05
3461 3.81700114201e-05
3462 3.81237260438e-05
3463 3.8077510137e-05
3464 3.80313635753e-05
3465 3.79852862348e-05
3466 3.79392779917e-05
3467 3.78933387225e-05
3468 3.78474683039e-05
3469 3.7801666613e-05
3470 3.77559335269e-05
3471 3.77102689233e-05
3472 3.76646726799e-05
3473 3.76191446746e-05
3474 3.75736847858e-05
3475 3.7528292892e-05
3476 3.7482968872e-05
3477 3.74377126047e-05
3478 3.73925239696e-05
3479 3.7347402846e-05
3480 3.73023491138e-05
3481 3.7257362653e-05
3482 3.72124433439e-05
3483 3.7167591067e-05
3484 3.7122805703e-05
3485 3.7078087133e-05
3486 3.70334352382e-05
3487 3.69888499002e-05
3488 3.69443310007e-05
3489 3.68998784216e-05
3490 3.68554920452e-05
3491 3.6811171754e-05
3492 3.67669174307e-05
3493 3.67227289583e-05
3494 3.667860622e-05
3495 3.66345490992e-05
3496 3.65905574796e-05
3497 3.65466312451e-05
3498 3.65027702799e-05
3499 3.64589744684e-05
