0 0.000772458495346
1 0.00150412152001
2 0.00285491665745
3 0.00528450310278
4 0.00954360744619
5 0.0168234917438
6 0.0289609195837
7 0.04870781713
8 0.0800705056646
9 0.128715703654
10 0.202429141522
11 0.311597912834
12 0.46967076673
13 0.693533552596
14 1.00372295311
15 1.42439401758
16 1.98295932997
17 2.70933263487
18 3.63473856687
19 4.79009177304
20 6.2039996924
21 7.9004977563
22 9.89667635331
23 12.2003975864
24 14.8083194884
25 17.7044409832
26 20.859350731
27 24.2303090803
28 27.7622202689
29 31.389470212
30 35.0385236517
31 38.6311030905
32 42.0877192394
33 45.3312944111
34 48.2906186975
35 50.9034026794
36 53.1187355148
37 54.8988170282
38 56.2198992374
39 57.0724389787
40 57.4605223069
41 57.4006682035
42 56.9201509373
43 56.0549963633
44 54.8478084962
45 53.345571229
46 51.5975492652
47 49.653385738
48 47.5614649652
49 45.3675802626
50 43.1139209583
51 40.8383712036
52 38.5740966442
53 36.349383648
54 34.1876892494
55 32.1078576093
56 30.1244597686
57 28.2482168976
58 26.4864722638
59 24.8436830174
60 23.3219090095
61 21.9212817742
62 20.6404422041
63 19.47694016
64 18.4275932029
65 17.4888048375
66 16.6568451808
67 15.9280989228
68 15.2965346935
69 14.7464296644
70 14.2617917755
71 13.8287633025
72 13.4351742411
73 13.070212109
74 12.7241858674
75 12.388367319
76 12.0548971108
77 11.7167448069
78 11.3707535032
79 11.0260405119
80 10.6935858329
81 10.3830738865
82 10.1030548371
83 9.85894056572
84 9.6469500277
85 9.46160341207
86 9.29794713046
87 9.15144584149
88 9.01789873292
89 8.89337657244
90 8.77417691682
91 8.65679549525
92 8.53791219846
93 8.4143903423
94 8.28328795599
95 8.14187979196
96 7.98768858595
97 7.8185238349
98 7.63335427217
99 7.43466494007
100 7.22567040462
101 7.00940407014
102 6.78868542549
103 6.56609784315
104 6.34397597141
105 6.12440158617
106 5.90920668022
107 5.69998255058
108 5.49809368558
109 5.30469533834
110 5.12075379106
111 4.94706845168
112 4.78429507334
113 4.63296953957
114 4.49329450995
115 4.36450543863
116 4.24568464134
117 4.13600249743
118 4.03470739057
119 3.94111686693
120 3.85460984961
121 3.77461977159
122 3.7006285087
123 3.63216101068
124 3.568780543
125 3.51008446369
126 3.45570047037
127 3.40528326116
128 3.35851156112
129 3.31508547236
130 3.27472411158
131 3.23716350393
132 3.20215470617
133 3.16946213579
134 3.13886208614
135 3.11014141015
136 3.08309635777
137 3.05753155431
138 3.03325910859
139 3.01009784144
140 2.98787262628
141 2.96641383484
142 2.94555688164
143 2.92514186211
144 2.9050132793
145 2.88501985504
146 2.86501442154
147 2.84485388961
148 2.82439928986
149 2.80351588332
150 2.78207333748
151 2.75994596402
152 2.73701301388
153 2.71315902498
154 2.68827421776
155 2.66225493291
156 2.63500410529
157 2.60643176756
158 2.57645557629
159 2.54504479763
160 2.51234670314
161 2.47854830878
162 2.44383110287
163 2.40837038769
164 2.37233473814
165 2.33588557273
166 2.29917683129
167 2.26235475297
168 2.2255577477
169 2.18891635406
170 2.15255327622
171 2.11658349259
172 2.08111442907
173 2.04624618968
174 2.01207183809
175 1.97867772345
176 1.94614384473
177 1.91454424805
178 1.88394745214
179 1.85441689745
180 1.82601141515
181 1.79878571288
182 1.77279087444
183 1.74807487165
184 1.72468308668
185 1.70265884435
186 1.6820185341
187 1.66267823011
188 1.64453403898
189 1.62748754806
190 1.61144527189
191 1.59631815565
192 1.5820211307
193 1.56847271795
194 1.5555946753
195 1.54331168576
196 1.53155108358
197 1.52024261574
198 1.50931823655
199 1.49871193367
200 1.4883595836
201 1.47819883518
202 1.46816901983
203 1.45821108716
204 1.4482768264
205 1.43835612516
206 1.42844829122
207 1.4185526635
208 1.40866861189
209 1.39879553706
210 1.38893287029
211 1.37908007327
212 1.36923663793
213 1.35940208628
214 1.34957597018
215 1.33975787123
216 1.32994740051
217 1.32014419845
218 1.31034793462
219 1.30055830754
220 1.29077504449
221 1.28099790133
222 1.27122666227
223 1.26146113969
224 1.25170117392
225 1.24194663305
226 1.23219741267
227 1.22245343571
228 1.21271465216
229 1.20298103888
230 1.1932525993
231 1.18352936327
232 1.17381138673
233 1.16409875147
234 1.15439156492
235 1.1446899598
236 1.13499409389
237 1.12530414977
238 1.11562033446
239 1.10594287917
240 1.09627203899
241 1.08660809256
242 1.07695134175
243 1.06730211135
244 1.05766074868
245 1.04802762331
246 1.03840312666
247 1.02878767163
248 1.01918169227
249 1.00958564335
250 1.0
251 0.990425257299
252 0.980861929869
253 0.971310551461
254 0.961771674528
255 0.952245869791
256 0.942733725796
257 0.933235848467
258 0.923753648444
259 0.91429163946
260 0.904854961921
261 0.895448579637
262 0.886077280816
263 0.876745679315
264 0.867458216135
265 0.858219161145
266 0.849032615025
267 0.839902511403
268 0.830832619191
269 0.821826545094
270 0.812887736274
271 0.804019483176
272 0.795224922486
273 0.786507040219
274 0.777868674914
275 0.769312520948
276 0.760841131927
277 0.752456924175
278 0.744162180282
279 0.73595905273
280 0.727849567563
281 0.719835628108
282 0.711919018732
283 0.704101408632
284 0.696384355646
285 0.688769310078
286 0.681257618536
287 0.673850527768
288 0.666549188503
289 0.659354659274
290 0.652267910237
291 0.64528982697
292 0.638421214244
293 0.631662799779
294 0.625015237961
295 0.618479113535
296 0.612054945256
297 0.605743189508
298 0.599544243882
299 0.593458450711
300 0.587486100561
301 0.581627435685
302 0.575882653426
303 0.570251346205
304 0.564730858358
305 0.559318052865
306 0.554009882687
307 0.548803387627
308 0.543695691318
309 0.538683998323
310 0.533765591354
311 0.528937828597
312 0.524198141141
313 0.519544030507
314 0.514973066281
315 0.510482883823
316 0.506071182081
317 0.50173572148
318 0.497474321896
319 0.493284860711
320 0.489165270938
321 0.485113539419
322 0.481127705101
323 0.477205857367
324 0.473346134438
325 0.469546721841
326 0.465805850923
327 0.462121797439
328 0.458492880179
329 0.454917459664
330 0.45139393688
331 0.447920752066
332 0.444496383554
333 0.441119346645
334 0.437788192538
335 0.434501507294
336 0.431257910851
337 0.428056056063
338 0.424894627793
339 0.42177234203
340 0.41868794505
341 0.415640212606
342 0.412627949153
343 0.409649987103
344 0.406705186112
345 0.403792432394
346 0.400910638069
347 0.39805874053
348 0.395235754944
349 0.392440929954
350 0.389673582684
351 0.386933044564
352 0.384218661021
353 0.381529791187
354 0.378865807609
355 0.376226095974
356 0.373610054837
357 0.371017095365
358 0.368446641083
359 0.365898127629
360 0.363371002522
361 0.360864724929
362 0.358378765446
363 0.355912605884
364 0.353465739063
365 0.35103766861
366 0.348627908764
367 0.346235984191
368 0.343861429802
369 0.341503790573
370 0.339162621382
371 0.336837486838
372 0.334527961125
373 0.332233627846
374 0.329954079877
375 0.327688919218
376 0.325437756857
377 0.323200212634
378 0.320975915108
379 0.318764501433
380 0.316565617235
381 0.314378916489
382 0.312204061413
383 0.310040722346
384 0.307888577647
385 0.305747313591
386 0.303616624261
387 0.301496211458
388 0.299385784601
389 0.297285060634
390 0.295193763939
391 0.293111626249
392 0.291038386562
393 0.288973868106
394 0.286918205012
395 0.284871603487
396 0.282834263725
397 0.280806379972
398 0.278788140588
399 0.276779728117
400 0.27478131935
401 0.272793085398
402 0.270815191759
403 0.268847798388
404 0.266891059771
405 0.264945124996
406 0.263010137828
407 0.261086236779
408 0.259173555189
409 0.257272221296
410 0.255382358316
411 0.253504084516
412 0.251637513295
413 0.249782753258
414 0.247939908296
415 0.246109077662
416 0.244290356052
417 0.242483833682
418 0.240689596368
419 0.238907725601
420 0.237138298632
421 0.235381388544
422 0.233637064338
423 0.231905391007
424 0.230186429614
425 0.228480237374
426 0.226786867733
427 0.22510637044
428 0.223438791631
429 0.221784173905
430 0.220142556399
431 0.218513974867
432 0.216898461756
433 0.215296046285
434 0.213706754513
435 0.212130609423
436 0.210567630992
437 0.209017836264
438 0.207481239429
439 0.205957851891
440 0.204447682342
441 0.202950736835
442 0.201467018856
443 0.199996529391
444 0.198539267001
445 0.197095227888
446 0.195664405963
447 0.19424679292
448 0.192842378295
449 0.191451149538
450 0.19007309208
451 0.188708189394
452 0.187356423061
453 0.186017772836
454 0.184692216709
455 0.183379730966
456 0.182080290254
457 0.180793867639
458 0.179520434667
459 0.178259961423
460 0.177012416589
461 0.175777767504
462 0.174555980216
463 0.173347019545
464 0.172150849131
465 0.170967431496
466 0.16979672809
467 0.168638699351
468 0.167493304755
469 0.166360502866
470 0.165240251388
471 0.164132507214
472 0.16303722648
473 0.161954364607
474 0.160883876353
475 0.15982571586
476 0.158779836699
477 0.157746191917
478 0.156724734081
479 0.155715415323
480 0.154718187385
481 0.15373300166
482 0.152759809235
483 0.151798560935
484 0.150849207359
485 0.149911698927
486 0.148985985914
487 0.148072018494
488 0.147169746776
489 0.146279120841
490 0.145400090784
491 0.144532606747
492 0.143676582845
493 0.142831790559
494 0.141997970011
495 0.141174866373
496 0.140362229744
497 0.139559815025
498 0.138767381799
499 0.137984694215
500 0.137211520875
501 0.13641878767
502 0.135632201497
503 0.134851702587
504 0.134077231872
505 0.133308730969
506 0.132546142177
507 0.131789408464
508 0.131038473459
509 0.130293281443
510 0.129553777343
511 0.128819906718
512 0.128091615754
513 0.127368851253
514 0.126651560631
515 0.1259396919
516 0.12523319367
517 0.124532015133
518 0.12383610606
519 0.123145416791
520 0.122459898231
521 0.121779501838
522 0.121104179616
523 0.120433884113
524 0.119768568409
525 0.119108186108
526 0.118452691338
527 0.117802038735
528 0.117156183443
529 0.116515081107
530 0.115878687863
531 0.115246960333
532 0.114619855621
533 0.113997331304
534 0.113379345425
535 0.112765856494
536 0.112156823471
537 0.11155220577
538 0.110951963248
539 0.110356056201
540 0.109764445358
541 0.109177091874
542 0.108593957328
543 0.108015003716
544 0.107440193444
545 0.106869489325
546 0.106302854573
547 0.105740252798
548 0.105181648002
549 0.104627004571
550 0.104076287275
551 0.103529461258
552 0.102986492039
553 0.102447345502
554 0.101911987894
555 0.10138038582
556 0.10085250624
557 0.100328316462
558 0.0998077841407
559 0.0992908772695
560 0.09877756418
561 0.0982678135358
562 0.0977615943288
563 0.0972588758756
564 0.0967596278131
565 0.0962638200945
566 0.0957714229862
567 0.0952824070629
568 0.0947967432049
569 0.0943144025936
570 0.0938353567085
571 0.0933595773231
572 0.0928870365016
573 0.0924177065955
574 0.0919515602398
575 0.0914885703499
576 0.0910287101184
577 0.0905719530112
578 0.0901182727648
579 0.089667643383
580 0.0892200391333
581 0.0887754345443
582 0.0883338044025
583 0.0878951237488
584 0.0874593678761
585 0.087026512326
586 0.0865965328861
587 0.0861694055867
588 0.0857451066985
589 0.0853236127292
590 0.0849049004214
591 0.0844889467492
592 0.084075728916
593 0.0836652243516
594 0.0832574107096
595 0.0828522658648
596 0.0824497679108
597 0.0820498951573
598 0.0816526261275
599 0.081257939556
600 0.0808658143862
601 0.0804762297677
602 0.0800891650542
603 0.0797045998013
604 0.0793225137636
605 0.0789428868932
606 0.0785656993369
607 0.0781909314341
608 0.0778185637148
609 0.0774485768973
610 0.0770809518862
611 0.07671566977
612 0.0763527118194
613 0.0759920594851
614 0.0756336943955
615 0.0752775983554
616 0.0749237533433
617 0.0745721415098
618 0.0742227451757
619 0.0738755468301
620 0.0735305291283
621 0.0731876748904
622 0.072846967099
623 0.0725083888976
624 0.0721719235891
625 0.0718375546334
626 0.0715052656464
627 0.0711750403978
628 0.0708468628094
629 0.0705207169538
630 0.0701965870526
631 0.0698744574743
632 0.0695543127336
633 0.069236137489
634 0.0689199165417
635 0.0686056348339
636 0.0682932774471
637 0.067982829601
638 0.0676742766517
639 0.0673676040902
640 0.0670627975413
641 0.0667598427617
642 0.0664587256388
643 0.0661594321894
644 0.0658619485583
645 0.0655662610167
646 0.065272355961
647 0.0649802199115
648 0.0646898395111
649 0.064401201524
650 0.0641142928342
651 0.0638291004444
652 0.063545611475
653 0.0632638131623
654 0.0629836928577
655 0.0627052380264
656 0.0624284362462
657 0.0621532752061
658 0.0618797427056
659 0.0616078266531
660 0.061337515065
661 0.0610687960643
662 0.0608016578801
663 0.0605360888458
664 0.0602720773984
665 0.0600096120774
666 0.0597486815235
667 0.0594892744779
668 0.0592313797812
669 0.0589749863719
670 0.0587200832862
671 0.0584666596562
672 0.0582147047096
673 0.0579642077683
674 0.0577151582473
675 0.0574675456543
676 0.0572213595883
677 0.056976589739
678 0.0567332258853
679 0.0564912578952
680 0.0562506757243
681 0.0560114694152
682 0.0557736290963
683 0.0555371449813
684 0.0553020073683
685 0.0550682066388
686 0.0548357332566
687 0.0546045777678
688 0.0543747307991
689 0.0541461830575
690 0.0539189253293
691 0.0536929484792
692 0.0534682434501
693 0.0532448012615
694 0.0530226130094
695 0.0528016698651
696 0.0525819630747
697 0.0523634839584
698 0.0521462239096
699 0.0519301743942
700 0.0517153269499
701 0.0515016731856
702 0.0512892047807
703 0.0510779134843
704 0.0508677911144
705 0.0506588295575
706 0.0504510207679
707 0.0502443567667
708 0.0500388296418
709 0.0498344315464
710 0.0496311546991
711 0.049428991383
712 0.0492279339448
713 0.0490279747948
714 0.0488291064057
715 0.0486313213123
716 0.0484346121108
717 0.0482389714582
718 0.0480443920719
719 0.0478508667289
720 0.0476583882653
721 0.0474669495758
722 0.047276543613
723 0.047087163387
724 0.0468988019648
725 0.0467114524696
726 0.0465251080806
727 0.0463397620323
728 0.0461554076137
729 0.0459720381683
730 0.0457896470933
731 0.045608227839
732 0.0454277739084
733 0.0452482788569
734 0.0450697362916
735 0.0448921398708
736 0.0447154833034
737 0.0445397603489
738 0.0443649648165
739 0.0441910905648
740 0.0440181315011
741 0.0438460815815
742 0.0436749348098
743 0.0435046852374
744 0.043335326963
745 0.0431668541317
746 0.0429992609352
747 0.0428325416106
748 0.0426666904408
749 0.0425017017533
750 0.0423375699205
751 0.0421742893587
752 0.0420118545282
753 0.0418502599323
754 0.0416895001177
755 0.0415295696733
756 0.0413704632303
757 0.0412121754618
758 0.0410547010821
759 0.0408980348467
760 0.0407421715517
761 0.0405871060335
762 0.0404328331684
763 0.0402793478724
764 0.0401266451005
765 0.0399747198468
766 0.0398235671438
767 0.039673182062
768 0.0395235597099
769 0.0393746952336
770 0.0392265838161
771 0.0390792206773
772 0.0389326010737
773 0.0387867202978
774 0.0386415736781
775 0.0384971565783
776 0.0383534643978
777 0.0382104925705
778 0.038068236565
779 0.0379266918842
780 0.0377858540651
781 0.037645718678
782 0.037506281327
783 0.037367537649
784 0.0372294833138
785 0.0370921140238
786 0.0369554255135
787 0.0368194135492
788 0.0366840739293
789 0.0365494024831
790 0.0364153950712
791 0.0362820475852
792 0.0361493559471
793 0.0360173161091
794 0.0358859240537
795 0.0357551757929
796 0.0356250673686
797 0.0354955948515
798 0.0353667543417
799 0.0352385419679
800 0.0351109538873
801 0.0349839862854
802 0.0348576353757
803 0.0347318973997
804 0.0346067686261
805 0.0344822453512
806 0.0343583238982
807 0.0342350006172
808 0.0341122718849
809 0.0339901341046
810 0.0338685837055
811 0.0337476171428
812 0.0336272308975
813 0.0335074214761
814 0.0333881854103
815 0.0332695192571
816 0.0331514195981
817 0.0330338830397
818 0.0329169062127
819 0.0328004857722
820 0.0326846183973
821 0.0325693007909
822 0.0324545296797
823 0.0323403018135
824 0.0322266139657
825 0.0321134629327
826 0.0320008455335
827 0.03188875861
828 0.0317771990265
829 0.0316661636697
830 0.0315556494482
831 0.0314456532926
832 0.0313361721554
833 0.0312272030104
834 0.0311187428531
835 0.0310107886999
836 0.0309033375883
837 0.0307963865768
838 0.0306899327446
839 0.0305839731911
840 0.0304785050364
841 0.0303735254207
842 0.030269031504
843 0.0301650204665
844 0.0300614895078
845 0.0299584358472
846 0.0298558567232
847 0.0297537493937
848 0.0296521111357
849 0.0295509392448
850 0.0294502310356
851 0.0293499838412
852 0.0292501950133
853 0.0291508619217
854 0.0290519819544
855 0.0289535525175
856 0.0288555710348
857 0.028758034948
858 0.0286609417162
859 0.0285642888161
860 0.0284680737416
861 0.0283722940036
862 0.0282769471304
863 0.0281820306668
864 0.0280875421745
865 0.027993479232
866 0.0278998394339
867 0.0278066203914
868 0.0277138197319
869 0.0276214350988
870 0.0275294641516
871 0.0274379045655
872 0.0273467540315
873 0.0272560102561
874 0.0271656709615
875 0.0270757338848
876 0.0269861967788
877 0.0268970574111
878 0.0268083135645
879 0.0267199630363
880 0.026632003639
881 0.0265444331995
882 0.0264572495592
883 0.026370450574
884 0.026284034114
885 0.0261979980636
886 0.0261123403211
887 0.0260270587991
888 0.0259421514236
889 0.0258576161346
890 0.0257734508859
891 0.0256896536445
892 0.025606222391
893 0.0255231551194
894 0.0254404498368
895 0.0253581045634
896 0.0252761173326
897 0.0251944861905
898 0.0251132091962
899 0.0250322844214
900 0.0249517099506
901 0.0248714838806
902 0.0247916043208
903 0.0247120693928
904 0.0246328772307
905 0.0245540259805
906 0.0244755138003
907 0.0243973388603
908 0.0243194993425
909 0.0242419934406
910 0.0241648193602
911 0.0240879753182
912 0.0240114595435
913 0.0239352702759
914 0.0238594057669
915 0.0237838642791
916 0.0237086440864
917 0.0236337434738
918 0.0235591607371
919 0.0234848941832
920 0.02341094213
921 0.0233373029057
922 0.0232639748497
923 0.0231909563117
924 0.023118245652
925 0.0230458412414
926 0.0229737414609
927 0.0229019447021
928 0.0228304493664
929 0.0227592538658
930 0.022688356622
931 0.0226177560669
932 0.0225474506422
933 0.0224774387994
934 0.0224077190001
935 0.0223382897152
936 0.0222691494254
937 0.0222002966209
938 0.0221317298016
939 0.0220634474764
940 0.0219954481641
941 0.0219277303922
942 0.0218602926978
943 0.0217931336271
944 0.0217262517352
945 0.0216596455863
946 0.0215933137537
947 0.0215272548194
948 0.0214614673743
949 0.0213959500178
950 0.0213307013585
951 0.0212657200131
952 0.0212010046072
953 0.0211365537748
954 0.0210723661583
955 0.0210084404085
956 0.0209447751846
957 0.0208813691539
958 0.020818220992
959 0.0207553293827
960 0.0206926930178
961 0.020630310597
962 0.0205681808283
963 0.0205063024272
964 0.0204446741174
965 0.0203832946302
966 0.0203221627047
967 0.0202612770878
968 0.0202006365337
969 0.0201402398046
970 0.0200800856698
971 0.0200201729065
972 0.019960500299
973 0.019901066639
974 0.0198418707257
975 0.0197829113653
976 0.0197241873715
977 0.0196656975648
978 0.0196074407732
979 0.0195494158315
980 0.0194916215816
981 0.0194340568723
982 0.0193767205593
983 0.0193196115052
984 0.0192627285795
985 0.0192060706584
986 0.0191496366247
987 0.019093425368
988 0.0190374357846
989 0.0189816667771
990 0.018926117255
991 0.0188707861339
992 0.0188156723361
993 0.0187607747904
994 0.0187060924316
995 0.018651624201
996 0.0185973690462
997 0.0185433259211
998 0.0184894937855
999 0.0184358716056
1000 0.0183824583535
1001 0.0183292530075
1002 0.0182762545519
1003 0.0182234619769
1004 0.0181708742787
1005 0.0181184904592
1006 0.0180663095264
1007 0.018014330494
1008 0.0179625523814
1009 0.0179109742138
1010 0.0178595950222
1011 0.017808413843
1012 0.0177574297184
1013 0.0177066416961
1014 0.0176560488293
1015 0.0176056501769
1016 0.017555444803
1017 0.0175054317773
1018 0.0174556101747
1019 0.0174059790757
1020 0.017356537566
1021 0.0173072847365
1022 0.0172582196834
1023 0.0172093415081
1024 0.0171606493173
1025 0.0171121422226
1026 0.0170638193409
1027 0.0170156797941
1028 0.0169677227091
1029 0.0169199472179
1030 0.0168723524574
1031 0.0168249375693
1032 0.0167777017005
1033 0.0167306440026
1034 0.0166837636319
1035 0.0166370597498
1036 0.0165905315223
1037 0.0165441781201
1038 0.0164979987188
1039 0.0164519924983
1040 0.0164061586437
1041 0.0163604963442
1042 0.0163150047938
1043 0.0162696831912
1044 0.0162245307394
1045 0.0161795466459
1046 0.0161347301229
1047 0.0160900803867
1048 0.0160455966583
1049 0.016001278163
1050 0.0159571241302
1051 0.0159131337941
1052 0.0158693063927
1053 0.0158256411686
1054 0.0157821373686
1055 0.0157387942434
1056 0.0156956110483
1057 0.0156525870426
1058 0.0156097214895
1059 0.0155670136567
1060 0.0155244628157
1061 0.015482068242
1062 0.0154398292154
1063 0.0153977450195
1064 0.0153558149418
1065 0.015314038274
1066 0.0152724143114
1067 0.0152309423534
1068 0.0151896217033
1069 0.0151484516681
1070 0.0151074315588
1071 0.0150665606898
1072 0.0150258383798
1073 0.0149852639509
1074 0.014944836729
1075 0.0149045560437
1076 0.0148644212282
1077 0.0148244316196
1078 0.0147845865583
1079 0.0147448853886
1080 0.014705327458
1081 0.014665912118
1082 0.0146266387234
1083 0.0145875066325
1084 0.014548515207
1085 0.0145096638124
1086 0.0144709518174
1087 0.014432378594
1088 0.0143939435179
1089 0.0143556459681
1090 0.0143174853267
1091 0.0142794609795
1092 0.0142415723154
1093 0.0142038187267
1094 0.0141661996089
1095 0.0141287143607
1096 0.0140913623843
1097 0.0140541430847
1098 0.0140170558705
1099 0.0139801001532
1100 0.0139432753475
1101 0.0139065808715
1102 0.0138700161459
1103 0.013833580595
1104 0.0137972736459
1105 0.0137610947288
1106 0.013725043277
1107 0.0136891187268
1108 0.0136533205174
1109 0.013617648091
1110 0.0135821008929
1111 0.0135466783713
1112 0.0135113799773
1113 0.0134762051648
1114 0.0134411533907
1115 0.0134062241147
1116 0.0133714167996
1117 0.0133367309106
1118 0.0133021659162
1119 0.0132677212873
1120 0.0132333964978
1121 0.0131991910243
1122 0.0131651043461
1123 0.0131311359455
1124 0.0130972853071
1125 0.0130635519185
1126 0.01302993527
1127 0.0129964348542
1128 0.0129630501669
1129 0.012929780706
1130 0.0128966259725
1131 0.0128635854695
1132 0.0128306587032
1133 0.0127978451821
1134 0.0127651444171
1135 0.0127325559219
1136 0.0127000792127
1137 0.0126677138082
1138 0.0126354592293
1139 0.0126033149999
1140 0.012571280646
1141 0.012539355696
1142 0.0125075396811
1143 0.0124758321345
1144 0.012444232592
1145 0.0124127405919
1146 0.0123813556747
1147 0.0123500773833
1148 0.012318905263
1149 0.0122878388613
1150 0.0122568777283
1151 0.0122260214161
1152 0.0121952694792
1153 0.0121646214745
1154 0.0121340769609
1155 0.0121036354999
1156 0.0120732966549
1157 0.0120430599917
1158 0.0120129250783
1159 0.0119828914848
1160 0.0119529587837
1161 0.0119231265494
1162 0.0118933943587
1163 0.0118637617904
1164 0.0118342284254
1165 0.0118047938469
1166 0.01177545764
1167 0.0117462193921
1168 0.0117170786925
1169 0.0116880351326
1170 0.011659088306
1171 0.0116302378082
1172 0.0116014832369
1173 0.0115728241915
1174 0.0115442602738
1175 0.0115157910873
1176 0.0114874162377
1177 0.0114591353326
1178 0.0114309479814
1179 0.0114028537957
1180 0.0113748523889
1181 0.0113469433764
1182 0.0113191263754
1183 0.0112914010053
1184 0.0112637668869
1185 0.0112362236435
1186 0.0112087708996
1187 0.0111814082822
1188 0.0111541354198
1189 0.0111269519426
1190 0.0110998574831
1191 0.0110728516752
1192 0.0110459341549
1193 0.0110191045597
1194 0.0109923625292
1195 0.0109657077045
1196 0.0109391397287
1197 0.0109126582466
1198 0.0108862629046
1199 0.0108599533509
1200 0.0108337292357
1201 0.0108075902105
1202 0.0107815359287
1203 0.0107555660456
1204 0.0107296802177
1205 0.0107038781037
1206 0.0106781593636
1207 0.0106525236593
1208 0.0106269706542
1209 0.0106015000134
1210 0.0105761114035
1211 0.010550804493
1212 0.0105255789519
1213 0.0105004344515
1214 0.0104753706653
1215 0.0104503872677
1216 0.0104254839353
1217 0.0104006603458
1218 0.0103759161787
1219 0.0103512511151
1220 0.0103266648373
1221 0.0103021570296
1222 0.0102777273775
1223 0.0102533755681
1224 0.0102291012901
1225 0.0102049042335
1226 0.0101807840899
1227 0.0101567405525
1228 0.0101327733158
1229 0.0101088820759
1230 0.0100850665301
1231 0.0100613263775
1232 0.0100376613184
1233 0.0100140710546
1234 0.00999055528933
1235 0.00996711372729
1236 0.00994374607449
1237 0.00992045203839
1238 0.00989723132785
1239 0.0098740836531
1240 0.00985100872575
1241 0.00982800625877
1242 0.00980507596653
1243 0.00978221756471
1244 0.00975943077036
1245 0.00973671530188
1246 0.00971407087896
1247 0.00969149722268
1248 0.00966899405537
1249 0.00964656110072
1250 0.0096241980837
1251 0.00960190473058
1252 0.00957968076893
1253 0.00955752592758
1254 0.00953543993666
1255 0.00951342252754
1256 0.00949147343288
1257 0.00946959238658
1258 0.00944777912377
1259 0.00942603338085
1260 0.00940435489544
1261 0.00938274340639
1262 0.00936119865376
1263 0.00933972037884
1264 0.0093183083241
1265 0.00929696223325
1266 0.00927568185116
1267 0.00925446692389
1268 0.00923331719871
1269 0.00921223242402
1270 0.00919121234943
1271 0.00917025672568
1272 0.00914936530468
1273 0.00912853783949
1274 0.00910777408431
1275 0.00908707379448
1276 0.00906643672645
1277 0.00904586263783
1278 0.00902535128732
1279 0.00900490243474
1280 0.00898451584103
1281 0.0089641912682
1282 0.00894392847938
1283 0.00892372723878
1284 0.0089035873117
1285 0.00888350846451
1286 0.00886349046464
1287 0.0088435330806
1288 0.00882363608197
1289 0.00880379923935
1290 0.00878402232443
1291 0.0087643051099
1292 0.00874464736952
1293 0.00872504887808
1294 0.00870550941136
1295 0.00868602874622
1296 0.00866660666047
1297 0.00864724293298
1298 0.00862793734361
1299 0.0086086896732
1300 0.00858949970362
1301 0.00857036721769
1302 0.00855129199924
1303 0.00853227383306
1304 0.00851331250494
1305 0.00849440780161
1306 0.00847555951077
1307 0.00845676742109
1308 0.00843803132218
1309 0.00841935100459
1310 0.00840072625984
1311 0.00838215688037
1312 0.00836364265954
1313 0.00834518339166
1314 0.00832677887196
1315 0.00830842889657
1316 0.00829013326256
1317 0.00827189176789
1318 0.00825370421142
1319 0.00823557039293
1320 0.00821749011307
1321 0.0081994631734
1322 0.00818148937635
1323 0.00816356852524
1324 0.00814570042427
1325 0.00812788487849
1326 0.00811012169384
1327 0.00809241067711
1328 0.00807475163595
1329 0.00805714437886
1330 0.00803958871521
1331 0.00802208445517
1332 0.0080046314098
1333 0.00798722939097
1334 0.00796987821137
1335 0.00795257768455
1336 0.00793532762486
1337 0.00791812784746
1338 0.00790097816836
1339 0.00788387840434
1340 0.00786682837301
1341 0.00784982789277
1342 0.00783287678284
1343 0.0078159748632
1344 0.00779912195465
1345 0.00778231787875
1346 0.00776556245787
1347 0.00774885551513
1348 0.00773219687444
1349 0.00771558636047
1350 0.00769902379867
1351 0.00768250901523
1352 0.00766604183713
1353 0.00764962209206
1354 0.0076332496085
1355 0.00761692421566
1356 0.00760064574349
1357 0.00758441402269
1358 0.00756822888468
1359 0.00755209016161
1360 0.00753599768639
1361 0.00751995129261
1362 0.00750395081461
1363 0.00748799608743
1364 0.00747208694684
1365 0.0074562232293
1366 0.007440404772
1367 0.00742463141281
1368 0.0074089029903
1369 0.00739321934374
1370 0.00737758031311
1371 0.00736198573905
1372 0.0073464354629
1373 0.00733092932667
1374 0.00731546717307
1375 0.00730004884546
1376 0.00728467418789
1377 0.00726934304505
1378 0.00725405526233
1379 0.00723881068577
1380 0.00722360916205
1381 0.00720845053852
1382 0.00719333466317
1383 0.00717826138467
1384 0.00716323055228
1385 0.00714824201596
1386 0.00713329562627
1387 0.00711839123441
1388 0.00710352869223
1389 0.00708870785219
1390 0.00707392856738
1391 0.00705919069152
1392 0.00704449407895
1393 0.00702983858461
1394 0.00701522406408
1395 0.00700065037352
1396 0.00698611736972
1397 0.00697162491008
1398 0.00695717285257
1399 0.00694276105578
1400 0.0069283893789
1401 0.00691405768171
1402 0.00689976582457
1403 0.00688551366843
1404 0.00687130107482
1405 0.00685712790587
1406 0.00684299402427
1407 0.00682889929329
1408 0.00681484357678
1409 0.00680082673914
1410 0.00678684864536
1411 0.00677290916098
1412 0.00675900815211
1413 0.00674514548541
1414 0.0067313210281
1415 0.00671753464796
1416 0.0067037862133
1417 0.00669007559301
1418 0.0066764026565
1419 0.00666276727373
1420 0.00664916931519
1421 0.00663560865194
1422 0.00662208515553
1423 0.00660859869807
1424 0.0065951491522
1425 0.00658173639107
1426 0.00656836028838
1427 0.00655502071832
1428 0.00654171755563
1429 0.00652845067554
1430 0.00651521995382
1431 0.00650202526674
1432 0.00648886649107
1433 0.0064757435041
1434 0.00646265618362
1435 0.00644960440792
1436 0.0064365880558
1437 0.00642360700654
1438 0.00641066113993
1439 0.00639775033624
1440 0.00638487447625
1441 0.00637203344121
1442 0.00635922711286
1443 0.00634645537343
1444 0.00633371810561
1445 0.00632101519259
1446 0.00630834651804
1447 0.00629571196608
1448 0.00628311142132
1449 0.00627054476884
1450 0.00625801189418
1451 0.00624551268334
1452 0.00623304702281
1453 0.0062206147995
1454 0.0062082159008
1455 0.00619585021458
1456 0.00618351762911
1457 0.00617121803317
1458 0.00615895131594
1459 0.00614671736708
1460 0.00613451607669
1461 0.0061223473353
1462 0.00611021103389
1463 0.00609810706388
1464 0.00608603531714
1465 0.00607399568595
1466 0.00606198806304
1467 0.00605001234156
1468 0.00603806841511
1469 0.00602615617769
1470 0.00601427552374
1471 0.00600242634813
1472 0.00599060854613
1473 0.00597882201346
1474 0.00596706664621
1475 0.00595534234094
1476 0.00594364899459
1477 0.00593198650452
1478 0.00592035476849
1479 0.00590875368468
1480 0.00589718315167
1481 0.00588564306845
1482 0.00587413333441
1483 0.00586265384932
1484 0.00585120451339
1485 0.00583978522718
1486 0.00582839589168
1487 0.00581703640825
1488 0.00580570667866
1489 0.00579440660504
1490 0.00578313608995
1491 0.00577189503629
1492 0.00576068334738
1493 0.00574950092689
1494 0.00573834767891
1495 0.00572722350786
1496 0.00571612831858
1497 0.00570506201627
1498 0.00569402450648
1499 0.00568301569516
1500 0.00567203548863
1501 0.00566108379356
1502 0.005650160517
1503 0.00563926556636
1504 0.0056283988494
1505 0.00561756027427
1506 0.00560674974946
1507 0.00559596718383
1508 0.00558521248657
1509 0.00557448556725
1510 0.0055637863358
1511 0.00555311470247
1512 0.00554247057788
1513 0.00553185387301
1514 0.00552126449916
1515 0.005510702368
1516 0.00550016739152
1517 0.00548965948206
1518 0.00547917855232
1519 0.00546872451531
1520 0.0054582972844
1521 0.00544789677328
1522 0.00543752289598
1523 0.00542717556686
1524 0.00541685470063
1525 0.00540656021231
1526 0.00539629201724
1527 0.00538605003111
1528 0.00537583416992
1529 0.00536564435001
1530 0.00535548048802
1531 0.00534534250093
1532 0.00533523030603
1533 0.00532514382092
1534 0.00531508296355
1535 0.00530504765214
1536 0.00529503780526
1537 0.00528505334177
1538 0.00527509418085
1539 0.005265160242
1540 0.00525525144501
1541 0.00524536770998
1542 0.00523550895732
1543 0.00522567510775
1544 0.00521586608229
1545 0.00520608180225
1546 0.00519632218925
1547 0.00518658716521
1548 0.00517687665235
1549 0.00516719057317
1550 0.00515752885047
1551 0.00514789140737
1552 0.00513827816724
1553 0.00512868905377
1554 0.00511912399094
1555 0.005109582903
1556 0.00510006571449
1557 0.00509057235026
1558 0.00508110273542
1559 0.00507165679536
1560 0.00506223445577
1561 0.00505283564262
1562 0.00504346028215
1563 0.00503410830087
1564 0.00502477962558
1565 0.00501547418336
1566 0.00500619190156
1567 0.0049969327078
1568 0.00498769652996
1569 0.00497848329622
1570 0.00496929293501
1571 0.00496012537503
1572 0.00495098054526
1573 0.00494185837492
1574 0.00493275879353
1575 0.00492368173084
1576 0.00491462711689
1577 0.00490559488196
1578 0.00489658495662
1579 0.00488759727165
1580 0.00487863175814
1581 0.00486968834741
1582 0.00486076697104
1583 0.00485186756087
1584 0.00484299004898
1585 0.00483413436773
1586 0.00482530044969
1587 0.00481648822772
1588 0.00480769763491
1589 0.00479892860461
1590 0.0047901810704
1591 0.00478145496611
1592 0.00477275022584
1593 0.00476406678389
1594 0.00475540457485
1595 0.00474676353351
1596 0.00473814359493
1597 0.0047295446944
1598 0.00472096676745
1599 0.00471240974985
1600 0.00470387357759
1601 0.00469535818691
1602 0.0046868635143
1603 0.00467838949645
1604 0.00466993607031
1605 0.00466150317305
1606 0.00465309074207
1607 0.004644698715
1608 0.0046363270297
1609 0.00462797562427
1610 0.00461964443701
1611 0.00461133340647
1612 0.00460304247141
1613 0.00459477157082
1614 0.00458652064392
1615 0.00457828963014
1616 0.00457007846914
1617 0.00456188710078
1618 0.00455371546517
1619 0.00454556350262
1620 0.00453743115365
1621 0.00452931835902
1622 0.00452122505968
1623 0.00451315119681
1624 0.00450509671181
1625 0.00449706154627
1626 0.00448904564201
1627 0.00448104894105
1628 0.00447307138563
1629 0.00446511291819
1630 0.00445717348139
1631 0.00444925301808
1632 0.00444135147133
1633 0.00443346878442
1634 0.00442560490081
1635 0.00441775976419
1636 0.00440993331845
1637 0.00440212550766
1638 0.00439433627612
1639 0.00438656556831
1640 0.00437881332892
1641 0.00437107950283
1642 0.00436336403514
1643 0.0043556668711
1644 0.00434798795622
1645 0.00434032723615
1646 0.00433268465677
1647 0.00432506016413
1648 0.00431745370449
1649 0.00430986522429
1650 0.00430229467017
1651 0.00429474198897
1652 0.00428720712769
1653 0.00427969003354
1654 0.00427219065393
1655 0.00426470893642
1656 0.0042572448288
1657 0.004249798279
1658 0.00424236923519
1659 0.00423495764567
1660 0.00422756345895
1661 0.00422018662374
1662 0.00421282708889
1663 0.00420548480347
1664 0.0041981597167
1665 0.00419085177801
1666 0.00418356093698
1667 0.00417628714339
1668 0.00416903034718
1669 0.00416179049848
1670 0.0041545675476
1671 0.00414736144501
1672 0.00414017214137
1673 0.00413299958749
1674 0.00412584373438
1675 0.00411870453322
1676 0.00411158193533
1677 0.00410447589225
1678 0.00409738635565
1679 0.00409031327738
1680 0.00408325660948
1681 0.00407621630413
1682 0.0040691923137
1683 0.0040621845907
1684 0.00405519308784
1685 0.00404821775797
1686 0.00404125855411
1687 0.00403431542945
1688 0.00402738833735
1689 0.00402047723131
1690 0.00401358206501
1691 0.00400670279229
1692 0.00399983936715
1693 0.00399299174375
1694 0.0039861598764
1695 0.00397934371958
1696 0.00397254322792
1697 0.00396575835623
1698 0.00395898905945
1699 0.00395223529268
1700 0.00394549701119
1701 0.00393877417039
1702 0.00393206672586
1703 0.00392537463333
1704 0.00391869784866
1705 0.0039120363279
1706 0.00390539002722
1707 0.00389875890296
1708 0.0038921429116
1709 0.00388554200979
1710 0.0038789561543
1711 0.00387238530207
1712 0.00386582941018
1713 0.00385928843586
1714 0.0038527623365
1715 0.0038462510696
1716 0.00383975459284
1717 0.00383327286405
1718 0.00382680584117
1719 0.00382035348231
1720 0.00381391574572
1721 0.00380749258978
1722 0.00380108397304
1723 0.00379468985417
1724 0.00378831019198
1725 0.00378194494544
1726 0.00377559407363
1727 0.0037692575358
1728 0.00376293529132
1729 0.0037566272997
1730 0.00375033352061
1731 0.00374405391383
1732 0.00373778843928
1733 0.00373153705703
1734 0.00372529972729
1735 0.00371907641037
1736 0.00371286706677
1737 0.00370667165706
1738 0.00370049014201
1739 0.00369432248246
1740 0.00368816863944
1741 0.00368202857407
1742 0.00367590224761
1743 0.00366978962148
1744 0.00366369065718
1745 0.00365760531639
1746 0.00365153356089
1747 0.0036454753526
1748 0.00363943065356
1749 0.00363339942595
1750 0.00362738163206
1751 0.00362137723432
1752 0.00361538619529
1753 0.00360940847765
1754 0.0036034440442
1755 0.00359749285787
1756 0.00359155488172
1757 0.00358563007892
1758 0.00357971841278
1759 0.00357381984673
1760 0.00356793434431
1761 0.00356206186919
1762 0.00355620238516
1763 0.00355035585614
1764 0.00354452224615
1765 0.00353870151936
1766 0.00353289364004
1767 0.00352709857257
1768 0.00352131628147
1769 0.00351554673137
1770 0.00350978988701
1771 0.00350404571327
1772 0.00349831417511
1773 0.00349259523765
1774 0.00348688886609
1775 0.00348119502576
1776 0.00347551368211
1777 0.0034698448007
1778 0.00346418834719
1779 0.00345854428739
1780 0.00345291258719
1781 0.0034472932126
1782 0.00344168612974
1783 0.00343609130487
1784 0.00343050870432
1785 0.00342493829455
1786 0.00341938004215
1787 0.00341383391379
1788 0.00340829987626
1789 0.00340277789646
1790 0.00339726794141
1791 0.00339176997823
1792 0.00338628397413
1793 0.00338080989646
1794 0.00337534771265
1795 0.00336989739026
1796 0.00336445889695
1797 0.00335903220047
1798 0.00335361726869
1799 0.00334821406959
1800 0.00334282257124
1801 0.00333744274183
1802 0.00333207454964
1803 0.00332671796306
1804 0.00332137295059
1805 0.00331603948082
1806 0.00331071752245
1807 0.00330540704428
1808 0.00330010801522
1809 0.00329482040427
1810 0.00328954418054
1811 0.00328427931322
1812 0.00327902577164
1813 0.00327378352519
1814 0.00326855254337
1815 0.0032633327958
1816 0.00325812425218
1817 0.0032529268823
1818 0.00324774065608
1819 0.00324256554349
1820 0.00323740151465
1821 0.00323224853974
1822 0.00322710658904
1823 0.00322197563294
1824 0.00321685564193
1825 0.00321174658657
1826 0.00320664843754
1827 0.00320156116559
1828 0.0031964847416
1829 0.00319141913651
1830 0.00318636432136
1831 0.0031813202673
1832 0.00317628694557
1833 0.00317126432748
1834 0.00316625238445
1835 0.00316125108799
1836 0.0031562604097
1837 0.00315128032128
1838 0.00314631079451
1839 0.00314135180125
1840 0.00313640331348
1841 0.00313146530325
1842 0.00312653774269
1843 0.00312162060404
1844 0.00311671385963
1845 0.00311181748185
1846 0.00310693144322
1847 0.0031020557163
1848 0.00309719027378
1849 0.00309233508841
1850 0.00308749013304
1851 0.00308265538061
1852 0.00307783080412
1853 0.0030730163767
1854 0.00306821207152
1855 0.00306341786186
1856 0.00305863372109
1857 0.00305385962265
1858 0.00304909554006
1859 0.00304434144695
1860 0.003039597317
1861 0.00303486312401
1862 0.00303013884182
1863 0.0030254244444
1864 0.00302071990576
1865 0.00301602520003
1866 0.00301134030138
1867 0.0030066651841
1868 0.00300199982253
1869 0.00299734419113
1870 0.0029926982644
1871 0.00298806201693
1872 0.00298343542342
1873 0.00297881845861
1874 0.00297421109734
1875 0.00296961331453
1876 0.00296502508517
1877 0.00296044638433
1878 0.00295587718716
1879 0.0029513174689
1880 0.00294676720485
1881 0.0029422263704
1882 0.002937694941
1883 0.00293317289219
1884 0.0029286601996
1885 0.0029241568389
1886 0.00291966278588
1887 0.00291517801636
1888 0.00291070250627
1889 0.0029062362316
1890 0.00290177916842
1891 0.00289733129288
1892 0.00289289258119
1893 0.00288846300963
1894 0.00288404255459
1895 0.00287963119249
1896 0.00287522889985
1897 0.00287083565325
1898 0.00286645142936
1899 0.00286207620489
1900 0.00285770995666
1901 0.00285335266154
1902 0.00284900429647
1903 0.00284466483848
1904 0.00284033426464
1905 0.00283601255213
1906 0.00283169967816
1907 0.00282739562005
1908 0.00282310035516
1909 0.00281881386094
1910 0.00281453611489
1911 0.0028102670946
1912 0.0028060067777
1913 0.00280175514193
1914 0.00279751216507
1915 0.00279327782497
1916 0.00278905209956
1917 0.00278483496682
1918 0.00278062640483
1919 0.00277642639169
1920 0.00277223490561
1921 0.00276805192484
1922 0.00276387742772
1923 0.00275971139263
1924 0.00275555379805
1925 0.00275140462248
1926 0.00274726384453
1927 0.00274313144284
1928 0.00273900739615
1929 0.00273489168324
1930 0.00273078428296
1931 0.00272668517424
1932 0.00272259433604
1933 0.00271851174741
1934 0.00271443738747
1935 0.00271037123539
1936 0.0027063132704
1937 0.0027022634718
1938 0.00269822181896
1939 0.00269418829129
1940 0.0026901628683
1941 0.00268614552952
1942 0.00268213625457
1943 0.00267813502313
1944 0.00267414181492
1945 0.00267015660975
1946 0.00266617938748
1947 0.00266221012802
1948 0.00265824881136
1949 0.00265429541752
1950 0.00265034992663
1951 0.00264641231883
1952 0.00264248257435
1953 0.00263856067347
1954 0.00263464659653
1955 0.00263074032393
1956 0.00262684183613
1957 0.00262295111364
1958 0.00261906813704
1959 0.00261519288697
1960 0.00261132534412
1961 0.00260746548924
1962 0.00260361330314
1963 0.00259976876668
1964 0.0025959318608
1965 0.00259210256647
1966 0.00258828086472
1967 0.00258446673667
1968 0.00258066016345
1969 0.00257686112627
1970 0.00257306960641
1971 0.00256928558517
1972 0.00256550904395
1973 0.00256173996416
1974 0.0025579783273
1975 0.00255422411491
1976 0.00255047730858
1977 0.00254673788998
1978 0.0025430058408
1979 0.00253928114282
1980 0.00253556377784
1981 0.00253185372774
1982 0.00252815097444
1983 0.00252445549992
1984 0.00252076728621
1985 0.0025170863154
1986 0.00251341256962
1987 0.00250974603107
1988 0.00250608668199
1989 0.00250243450467
1990 0.00249878948148
1991 0.0024951515948
1992 0.00249152082709
1993 0.00248789716087
1994 0.00248428057867
1995 0.00248067106312
1996 0.00247706859688
1997 0.00247347316265
1998 0.0024698847432
1999 0.00246630332134
2000 0.00246272887993
2001 0.0024591614019
2002 0.0024556008702
2003 0.00245204726785
2004 0.00244850057792
2005 0.00244496078351
2006 0.0024414278678
2007 0.002437901814
2008 0.00243438260537
2009 0.00243087022522
2010 0.00242736465692
2011 0.00242386588388
2012 0.00242037388954
2013 0.00241688865743
2014 0.0024134101711
2015 0.00240993841414
2016 0.00240647337022
2017 0.00240301502303
2018 0.00239956335632
2019 0.00239611835388
2020 0.00239267999955
2021 0.00238924827723
2022 0.00238582317084
2023 0.00238240466438
2024 0.00237899274187
2025 0.00237558738739
2026 0.00237218858506
2027 0.00236879631905
2028 0.00236541057357
2029 0.00236203133288
2030 0.00235865858129
2031 0.00235529230315
2032 0.00235193248286
2033 0.00234857910486
2034 0.00234523215364
2035 0.00234189161373
2036 0.00233855746971
2037 0.00233522970619
2038 0.00233190830785
2039 0.0023285932594
2040 0.00232528454559
2041 0.00232198215122
2042 0.00231868606114
2043 0.00231539626022
2044 0.0023121127334
2045 0.00230883546566
2046 0.00230556444201
2047 0.00230229964751
2048 0.00229904106727
2049 0.00229578868642
2050 0.00229254249016
2051 0.00228930246373
2052 0.00228606859238
2053 0.00228284086145
2054 0.00227961925629
2055 0.0022764037623
2056 0.00227319436491
2057 0.00226999104963
2058 0.00226679380196
2059 0.00226360260748
2060 0.0022604174518
2061 0.00225723832056
2062 0.00225406519945
2063 0.00225089807422
2064 0.00224773693062
2065 0.00224458175448
2066 0.00224143253164
2067 0.002238289248
2068 0.00223515188949
2069 0.00223202044209
2070 0.00222889489181
2071 0.00222577522471
2072 0.00222266142687
2073 0.00221955348444
2074 0.00221645138358
2075 0.0022133551105
2076 0.00221026465147
2077 0.00220717999275
2078 0.0022041011207
2079 0.00220102802166
2080 0.00219796068206
2081 0.00219489908832
2082 0.00219184322695
2083 0.00218879308445
2084 0.0021857486474
2085 0.00218270990238
2086 0.00217967683603
2087 0.00217664943502
2088 0.00217362768607
2089 0.00217061157593
2090 0.00216760109137
2091 0.00216459621923
2092 0.00216159694636
2093 0.00215860325966
2094 0.00215561514607
2095 0.00215263259255
2096 0.00214965558612
2097 0.00214668411381
2098 0.00214371816271
2099 0.00214075771994
2100 0.00213780277265
2101 0.00213485330802
2102 0.00213190931328
2103 0.0021289707757
2104 0.00212603768257
2105 0.00212311002122
2106 0.00212018777902
2107 0.00211727094337
2108 0.00211435950171
2109 0.00211145344152
2110 0.0021085527503
2111 0.0021056574156
2112 0.00210276742499
2113 0.00209988276608
2114 0.00209700342653
2115 0.00209412939402
2116 0.00209126065626
2117 0.002088397201
2118 0.00208553901602
2119 0.00208268608916
2120 0.00207983840824
2121 0.00207699596118
2122 0.00207415873587
2123 0.00207132672028
2124 0.0020684999024
2125 0.00206567827023
2126 0.00206286181185
2127 0.00206005051532
2128 0.00205724436878
2129 0.00205444336037
2130 0.00205164747829
2131 0.00204885671074
2132 0.00204607104597
2133 0.00204329047228
2134 0.00204051497798
2135 0.00203774455141
2136 0.00203497918095
2137 0.00203221885502
2138 0.00202946356205
2139 0.00202671329054
2140 0.00202396802897
2141 0.00202122776589
2142 0.00201849248988
2143 0.00201576218953
2144 0.00201303685348
2145 0.00201031647039
2146 0.00200760102896
2147 0.00200489051791
2148 0.00200218492601
2149 0.00199948424203
2150 0.00199678845481
2151 0.00199409755319
2152 0.00199141152605
2153 0.0019887303623
2154 0.00198605405088
2155 0.00198338258077
2156 0.00198071594097
2157 0.00197805412051
2158 0.00197539710845
2159 0.00197274489388
2160 0.00197009746593
2161 0.00196745481374
2162 0.0019648169265
2163 0.00196218379342
2164 0.00195955540373
2165 0.00195693174671
2166 0.00195431281166
2167 0.00195169858789
2168 0.00194908906478
2169 0.00194648423169
2170 0.00194388407806
2171 0.00194128859332
2172 0.00193869776694
2173 0.00193611158842
2174 0.00193353004729
2175 0.00193095313311
2176 0.00192838083547
2177 0.00192581314397
2178 0.00192325004827
2179 0.00192069153802
2180 0.00191813760293
2181 0.00191558823272
2182 0.00191304341715
2183 0.00191050314599
2184 0.00190796740906
2185 0.00190543619619
2186 0.00190290949725
2187 0.00190038730212
2188 0.00189786960073
2189 0.00189535638301
2190 0.00189284763895
2191 0.00189034335854
2192 0.00188784353181
2193 0.0018853481488
2194 0.00188285719961
2195 0.00188037067433
2196 0.00187788856311
2197 0.00187541085609
2198 0.00187293754347
2199 0.00187046861546
2200 0.00186800406229
2201 0.00186554387424
2202 0.00186308804158
2203 0.00186063655464
2204 0.00185818940377
2205 0.00185574657932
2206 0.0018533080717
2207 0.00185087387132
2208 0.00184844396863
2209 0.0018460183541
2210 0.00184359701823
2211 0.00184117995153
2212 0.00183876714456
2213 0.00183635858789
2214 0.00183395427211
2215 0.00183155418785
2216 0.00182915832575
2217 0.00182676667649
2218 0.00182437923076
2219 0.00182199597929
2220 0.00181961691282
2221 0.00181724202212
2222 0.00181487129799
2223 0.00181250473125
2224 0.00181014231274
2225 0.00180778403333
2226 0.00180542988391
2227 0.0018030798554
2228 0.00180073393875
2229 0.00179839212491
2230 0.00179605440487
2231 0.00179372076965
2232 0.00179139121029
2233 0.00178906571783
2234 0.00178674428337
2235 0.00178442689802
2236 0.0017821135529
2237 0.00177980423917
2238 0.001777498948
2239 0.0017751976706
2240 0.00177290039819
2241 0.00177060712201
2242 0.00176831783334
2243 0.00176603252347
2244 0.00176375118371
2245 0.00176147380541
2246 0.00175920037992
2247 0.00175693089862
2248 0.00175466535293
2249 0.00175240373427
2250 0.00175014603409
2251 0.00174789224388
2252 0.00174564235511
2253 0.00174339635932
2254 0.00174115424804
2255 0.00173891601284
2256 0.0017366816453
2257 0.00173445113702
2258 0.00173222447964
2259 0.00173000166481
2260 0.00172778268419
2261 0.00172556752949
2262 0.00172335619242
2263 0.00172114866471
2264 0.00171894493812
2265 0.00171674500444
2266 0.00171454885547
2267 0.00171235648303
2268 0.00171016787896
2269 0.00170798303513
2270 0.00170580194342
2271 0.00170362459575
2272 0.00170145098404
2273 0.00169928110024
2274 0.00169711493632
2275 0.00169495248428
2276 0.00169279373612
2277 0.00169063868388
2278 0.00168848731961
2279 0.00168633963539
2280 0.00168419562331
2281 0.00168205527548
2282 0.00167991858404
2283 0.00167778554115
2284 0.00167565613897
2285 0.00167353036972
2286 0.0016714082256
2287 0.00166928969884
2288 0.00166717478172
2289 0.00166506346649
2290 0.00166295574547
2291 0.00166085161096
2292 0.00165875105529
2293 0.00165665407084
2294 0.00165456064996
2295 0.00165247078506
2296 0.00165038446854
2297 0.00164830169285
2298 0.00164622245044
2299 0.00164414673377
2300 0.00164207453534
2301 0.00164000584767
2302 0.00163794066327
2303 0.00163587897471
2304 0.00163382077454
2305 0.00163176605536
2306 0.00162971480977
2307 0.0016276670304
2308 0.00162562270989
2309 0.0016235818409
2310 0.00162154441612
2311 0.00161951042825
2312 0.00161747987
2313 0.00161545273412
2314 0.00161342901335
2315 0.00161140870048
2316 0.00160939178829
2317 0.0016073782696
2318 0.00160536813723
2319 0.00160336138404
2320 0.00160135800289
2321 0.00159935798667
2322 0.00159736132827
2323 0.00159536802061
2324 0.00159337805664
2325 0.00159139142931
2326 0.0015894081316
2327 0.00158742815649
2328 0.001585451497
2329 0.00158347814614
2330 0.00158150809698
2331 0.00157954134256
2332 0.00157757787598
2333 0.00157561769032
2334 0.0015736607787
2335 0.00157170713425
2336 0.00156975675013
2337 0.0015678096195
2338 0.00156586573554
2339 0.00156392509146
2340 0.00156198768047
2341 0.00156005349581
2342 0.00155812253073
2343 0.00155619477851
2344 0.00155427023242
2345 0.00155234888577
2346 0.00155043073188
2347 0.0015485157641
2348 0.00154660397576
2349 0.00154469536024
2350 0.00154278991094
2351 0.00154088762125
2352 0.00153898848459
2353 0.0015370924944
2354 0.00153519964413
2355 0.00153330992725
2356 0.00153142333726
2357 0.00152953986764
2358 0.00152765951192
2359 0.00152578226363
2360 0.00152390811633
2361 0.00152203706358
2362 0.00152016909896
2363 0.00151830421607
2364 0.00151644240854
2365 0.00151458366997
2366 0.00151272799404
2367 0.00151087537439
2368 0.0015090258047
2369 0.00150717927868
2370 0.00150533579002
2371 0.00150349533246
2372 0.00150165789974
2373 0.0014998234856
2374 0.00149799208383
2375 0.00149616368822
2376 0.00149433829255
2377 0.00149251589066
2378 0.00149069647638
2379 0.00148888004355
2380 0.00148706658604
2381 0.00148525609773
2382 0.00148344857252
2383 0.0014816440043
2384 0.00147984238702
2385 0.0014780437146
2386 0.001476247981
2387 0.0014744551802
2388 0.00147266530617
2389 0.00147087835292
2390 0.00146909431445
2391 0.00146731318481
2392 0.00146553495803
2393 0.00146375962817
2394 0.0014619871893
2395 0.00146021763552
2396 0.00145845096091
2397 0.00145668715961
2398 0.00145492622574
2399 0.00145316815345
2400 0.00145141293689
2401 0.00144966057024
2402 0.0014479110477
2403 0.00144616436345
2404 0.00144442051173
2405 0.00144267948675
2406 0.00144094128277
2407 0.00143920589405
2408 0.00143747331486
2409 0.00143574353948
2410 0.00143401656222
2411 0.0014322923774
2412 0.00143057097933
2413 0.00142885236238
2414 0.00142713652089
2415 0.00142542344923
2416 0.00142371314179
2417 0.00142200559297
2418 0.00142030079717
2419 0.00141859874884
2420 0.00141689944239
2421 0.00141520287229
2422 0.00141350903301
2423 0.00141181791901
2424 0.0014101295248
2425 0.00140844384489
2426 0.00140676087378
2427 0.00140508060602
2428 0.00140340303616
2429 0.00140172815874
2430 0.00140005596835
2431 0.00139838645956
2432 0.00139671962699
2433 0.00139505546524
2434 0.00139339396893
2435 0.00139173513271
2436 0.00139007895123
2437 0.00138842541915
2438 0.00138677453115
2439 0.00138512628191
2440 0.00138348066614
2441 0.00138183767857
2442 0.0013801973139
2443 0.0013785595669
2444 0.0013769244323
2445 0.00137529190488
2446 0.00137366197942
2447 0.0013720346507
2448 0.00137040991354
2449 0.00136878776274
2450 0.00136716819315
2451 0.00136555119959
2452 0.00136393677693
2453 0.00136232492002
2454 0.00136071562376
2455 0.00135910888303
2456 0.00135750469273
2457 0.00135590304778
2458 0.0013543039431
2459 0.00135270737365
2460 0.00135111333436
2461 0.00134952182021
2462 0.00134793282616
2463 0.00134634634722
2464 0.00134476237837
2465 0.00134318091463
2466 0.00134160195103
2467 0.0013400254826
2468 0.00133845150439
2469 0.00133688001146
2470 0.00133531099887
2471 0.00133374446172
2472 0.0013321803951
2473 0.00133061879412
2474 0.00132905965389
2475 0.00132750296954
2476 0.00132594873622
2477 0.00132439694908
2478 0.00132284760328
2479 0.001321300694
2480 0.00131975621643
2481 0.00131821416577
2482 0.00131667453722
2483 0.00131513732602
2484 0.00131360252738
2485 0.00131207013657
2486 0.00131054014883
2487 0.00130901255942
2488 0.00130748736364
2489 0.00130596455677
2490 0.0013044441341
2491 0.00130292609096
2492 0.00130141042266
2493 0.00129989712454
2494 0.00129838619194
2495 0.00129687762022
2496 0.00129537140475
2497 0.0012938675409
2498 0.00129236602406
2499 0.00129086684964
2500 0.00128937001304
2501 0.00128787550968
2502 0.00128638333501
2503 0.00128489348445
2504 0.00128340595346
2505 0.00128192073752
2506 0.00128043783209
2507 0.00127895723265
2508 0.00127747893471
2509 0.00127600293378
2510 0.00127452922536
2511 0.001273057805
2512 0.00127158866822
2513 0.00127012181057
2514 0.00126865722762
2515 0.00126719491494
2516 0.0012657348681
2517 0.00126427708269
2518 0.00126282155432
2519 0.0012613682786
2520 0.00125991725115
2521 0.0012584684676
2522 0.00125702192359
2523 0.00125557761478
2524 0.00125413553683
2525 0.0012526956854
2526 0.00125125805619
2527 0.00124982264489
2528 0.00124838944719
2529 0.00124695845881
2530 0.00124552967548
2531 0.00124410309292
2532 0.00124267870688
2533 0.00124125651311
2534 0.00123983650737
2535 0.00123841868544
2536 0.00123700304309
2537 0.00123558957613
2538 0.00123417828035
2539 0.00123276915156
2540 0.00123136218558
2541 0.00122995737825
2542 0.0012285547254
2543 0.00122715422289
2544 0.00122575586658
2545 0.00122435965232
2546 0.00122296557602
2547 0.00122157363354
2548 0.00122018382079
2549 0.00121879613368
2550 0.00121741056813
2551 0.00121602712005
2552 0.0012146457854
2553 0.0012132665601
2554 0.00121188944012
2555 0.00121051442142
2556 0.00120914149998
2557 0.00120777067177
2558 0.00120640193279
2559 0.00120503527903
2560 0.00120367070652
2561 0.00120230821126
2562 0.00120094778929
2563 0.00119958943665
2564 0.00119823314938
2565 0.00119687892353
2566 0.00119552675518
2567 0.00119417664039
2568 0.00119282857526
2569 0.00119148255586
2570 0.00119013857831
2571 0.00118879663871
2572 0.00118745673318
2573 0.00118611885785
2574 0.00118478300886
2575 0.00118344918234
2576 0.00118211737447
2577 0.00118078758139
2578 0.00117945979928
2579 0.00117813402432
2580 0.00117681025271
2581 0.00117548848063
2582 0.0011741687043
2583 0.00117285091992
2584 0.00117153512374
2585 0.00117022131197
2586 0.00116890948086
2587 0.00116759962665
2588 0.00116629174562
2589 0.00116498583402
2590 0.00116368188813
2591 0.00116237990423
2592 0.00116107987862
2593 0.00115978180759
2594 0.00115848568746
2595 0.00115719151454
2596 0.00115589928516
2597 0.00115460899566
2598 0.00115332064237
2599 0.00115203422165
2600 0.00115074972985
2601 0.00114946716335
2602 0.00114818651851
2603 0.00114690779173
2604 0.0011456309794
2605 0.00114435607791
2606 0.00114308308367
2607 0.00114181199311
2608 0.00114054280263
2609 0.00113927550869
2610 0.00113801010772
2611 0.00113674659616
2612 0.00113548497047
2613 0.00113422522713
2614 0.0011329673626
2615 0.00113171137335
2616 0.00113045725589
2617 0.00112920500671
2618 0.00112795462231
2619 0.00112670609921
2620 0.00112545943392
2621 0.00112421462297
2622 0.0011229716629
2623 0.00112173055025
2624 0.00112049128158
2625 0.00111925385344
2626 0.0011180182624
2627 0.00111678450503
2628 0.00111555257792
2629 0.00111432247766
2630 0.00111309420084
2631 0.00111186774407
2632 0.00111064310396
2633 0.00110942027714
2634 0.00110819926022
2635 0.00110698004986
2636 0.00110576264268
2637 0.00110454703534
2638 0.0011033332245
2639 0.00110212120682
2640 0.00110091097898
2641 0.00109970253766
2642 0.00109849587954
2643 0.00109729100132
2644 0.0010960878997
2645 0.00109488657139
2646 0.00109368701312
2647 0.0010924892216
2648 0.00109129319356
2649 0.00109009892575
2650 0.00108890641491
2651 0.0010877156578
2652 0.00108652665117
2653 0.0010853393918
2654 0.00108415387646
2655 0.00108297010193
2656 0.001081788065
2657 0.00108060776247
2658 0.00107942919114
2659 0.00107825234782
2660 0.00107707722933
2661 0.0010759038325
2662 0.00107473215416
2663 0.00107356219114
2664 0.0010723939403
2665 0.00107122739848
2666 0.00107006256255
2667 0.00106889942938
2668 0.00106773799582
2669 0.00106657825878
2670 0.00106542021513
2671 0.00106426386177
2672 0.00106310919561
2673 0.00106195621354
2674 0.00106080491249
2675 0.00105965528937
2676 0.00105850734112
2677 0.00105736106466
2678 0.00105621645695
2679 0.00105507351494
2680 0.00105393223556
2681 0.0010527926158
2682 0.00105165465262
2683 0.00105051834299
2684 0.0010493836839
2685 0.00104825067233
2686 0.00104711930528
2687 0.00104598957975
2688 0.00104486149276
2689 0.00104373504131
2690 0.00104261022243
2691 0.00104148703315
2692 0.0010403654705
2693 0.00103924553152
2694 0.00103812721327
2695 0.00103701051279
2696 0.00103589542714
2697 0.0010347819534
2698 0.00103367008863
2699 0.00103255982992
2700 0.00103145117436
2701 0.00103034411902
2702 0.00102923866103
2703 0.00102813479747
2704 0.00102703252547
2705 0.00102593184213
2706 0.00102483274459
2707 0.00102373522997
2708 0.00102263929541
2709 0.00102154493806
2710 0.00102045215506
2711 0.00101936094357
2712 0.00101827130075
2713 0.00101718322377
2714 0.0010160967098
2715 0.00101501175602
2716 0.00101392835962
2717 0.0010128465178
2718 0.00101176622774
2719 0.00101068748665
2720 0.00100961029175
2721 0.00100853464025
2722 0.00100746052937
2723 0.00100638795635
2724 0.00100531691841
2725 0.0010042474128
2726 0.00100317943676
2727 0.00100211298755
2728 0.00100104806242
2729 0.000999984658647
2730 0.000998922773489
2731 0.000997862404228
2732 0.000996803548145
2733 0.000995746202527
2734 0.00099469036467
2735 0.000993636031871
2736 0.000992583201438
2737 0.000991531870681
2738 0.000990482036917
2739 0.000989433697469
2740 0.000988386849665
2741 0.000987341490841
2742 0.000986297618336
2743 0.000985255229495
2744 0.000984214321671
2745 0.000983174892221
2746 0.000982136938507
2747 0.000981100457899
2748 0.000980065447769
2749 0.000979031905499
2750 0.000977999828473
2751 0.000976969214083
2752 0.000975940059725
2753 0.000974912362801
2754 0.00097388612072
2755 0.000972861330894
2756 0.000971837990743
2757 0.00097081609769
2758 0.000969795649166
2759 0.000968776642607
2760 0.000967759075452
2761 0.000966742945149
2762 0.000965728249148
2763 0.000964714984908
2764 0.000963703149891
2765 0.000962692741565
2766 0.000961683757404
2767 0.000960676194886
2768 0.000959670051496
2769 0.000958665324723
2770 0.000957662012062
2771 0.000956660111013
2772 0.000955659619082
2773 0.000954660533781
2774 0.000953662852624
2775 0.000952666573134
2776 0.000951671692837
2777 0.000950678209265
2778 0.000949686119956
2779 0.000948695422451
2780 0.000947706114299
2781 0.000946718193052
2782 0.000945731656269
2783 0.000944746501513
2784 0.000943762726351
2785 0.000942780328358
2786 0.000941799305112
2787 0.000940819654198
2788 0.000939841373203
2789 0.000938864459722
2790 0.000937888911354
2791 0.000936914725703
2792 0.000935941900379
2793 0.000934970432996
2794 0.000934000321172
2795 0.000933031562533
2796 0.000932064154707
2797 0.00093109809533
2798 0.00093013338204
2799 0.000929170012481
2800 0.000928207984304
2801 0.000927247295161
2802 0.000926287942713
2803 0.000925329924623
2804 0.000924373238561
2805 0.0009234178822
2806 0.000922463853219
2807 0.000921511149301
2808 0.000920559768136
2809 0.000919609707417
2810 0.000918660964841
2811 0.000917713538112
2812 0.000916767424938
2813 0.000915822623032
2814 0.00091487913011
2815 0.000913936943896
2816 0.000912996062116
2817 0.000912056482501
2818 0.000911118202789
2819 0.000910181220721
2820 0.000909245534043
2821 0.000908311140505
2822 0.000907378037863
2823 0.000906446223877
2824 0.000905515696312
2825 0.000904586452937
2826 0.000903658491526
2827 0.000902731809858
2828 0.000901806405716
2829 0.000900882276889
2830 0.000899959421168
2831 0.000899037836352
2832 0.000898117520242
2833 0.000897198470644
2834 0.000896280685369
2835 0.000895364162233
2836 0.000894448899055
2837 0.000893534893661
2838 0.000892622143879
2839 0.000891710647544
2840 0.000890800402492
2841 0.000889891406567
2842 0.000888983657615
2843 0.000888077153489
2844 0.000887171892043
2845 0.00088626787114
2846 0.000885365088643
2847 0.000884463542421
2848 0.000883563230349
2849 0.000882664150304
2850 0.00088176630017
2851 0.000880869677832
2852 0.000879974281182
2853 0.000879080108116
2854 0.000878187156534
2855 0.000877295424339
2856 0.000876404909441
2857 0.000875515609753
2858 0.000874627523191
2859 0.000873740647677
2860 0.000872854981137
2861 0.000871970521501
2862 0.000871087266704
2863 0.000870205214684
2864 0.000869324363384
2865 0.00086844471075
2866 0.000867566254736
2867 0.000866688993295
2868 0.000865812924387
2869 0.000864938045977
2870 0.000864064356033
2871 0.000863191852527
2872 0.000862320533435
2873 0.000861450396738
2874 0.000860581440421
2875 0.000859713662473
2876 0.000858847060886
2877 0.000857981633658
2878 0.00085711737879
2879 0.000856254294287
2880 0.000855392378159
2881 0.00085453162842
2882 0.000853672043086
2883 0.000852813620179
2884 0.000851956357726
2885 0.000851100253755
2886 0.000850245306301
2887 0.000849391513401
2888 0.000848538873097
2889 0.000847687383435
2890 0.000846837042464
2891 0.000845987848238
2892 0.000845139798814
2893 0.000844292892256
2894 0.000843447126627
2895 0.000842602499998
2896 0.000841759010441
2897 0.000840916656035
2898 0.000840075434861
2899 0.000839235345004
2900 0.000838396384552
2901 0.0008375585516
2902 0.000836721844243
2903 0.000835886260582
2904 0.000835051798723
2905 0.000834218456773
2906 0.000833386232845
2907 0.000832555125055
2908 0.000831725131522
2909 0.000830896250371
2910 0.000830068479729
2911 0.000829241817728
2912 0.000828416262501
2913 0.000827591812189
2914 0.000826768464934
2915 0.000825946218883
2916 0.000825125072185
2917 0.000824305022994
2918 0.000823486069469
2919 0.00082266820977
2920 0.000821851442062
2921 0.000821035764515
2922 0.0008202211753
2923 0.000819407672594
2924 0.000818595254577
2925 0.000817783919432
2926 0.000816973665347
2927 0.000816164490512
2928 0.000815356393121
2929 0.000814549371373
2930 0.00081374342347
2931 0.000812938547617
2932 0.000812134742022
2933 0.000811332004899
2934 0.000810530334463
2935 0.000809729728934
2936 0.000808930186536
2937 0.000808131705496
2938 0.000807334284043
2939 0.000806537920412
2940 0.000805742612841
2941 0.00080494835957
2942 0.000804155158844
2943 0.000803363008912
2944 0.000802571908024
2945 0.000801781854436
2946 0.000800992846406
2947 0.000800204882197
2948 0.000799417960075
2949 0.000798632078307
2950 0.000797847235168
2951 0.000797063428932
2952 0.000796280657879
2953 0.000795498920292
2954 0.000794718214458
2955 0.000793938538665
2956 0.000793159891208
2957 0.000792382270382
2958 0.000791605674487
2959 0.000790830101828
2960 0.000790055550709
2961 0.000789282019443
2962 0.000788509506341
2963 0.00078773800972
2964 0.000786967527902
2965 0.000786198059209
2966 0.000785429601968
2967 0.000784662154509
2968 0.000783895715165
2969 0.000783130282274
2970 0.000782365854176
2971 0.000781602429213
2972 0.000780840005732
2973 0.000780078582084
2974 0.000779318156621
2975 0.000778558727701
2976 0.000777800293682
2977 0.000777042852927
2978 0.000776286403804
2979 0.00077553094468
2980 0.00077477647393
2981 0.000774022989929
2982 0.000773270491055
2983 0.000772518975692
2984 0.000771768442224
2985 0.000771018889041
2986 0.000770270314534
2987 0.000769522717098
2988 0.000768776095132
2989 0.000768030447037
2990 0.000767285771218
2991 0.000766542066081
2992 0.000765799330039
2993 0.000765057561504
2994 0.000764316758895
2995 0.00076357692063
2996 0.000762838045134
2997 0.000762100130833
2998 0.000761363176157
2999 0.000760627179537
3000 0.00075989213941
3001 0.000759158054214
3002 0.000758424922392
3003 0.000757692742387
3004 0.000756961512649
3005 0.000756231231627
3006 0.000755501897777
3007 0.000754773509554
3008 0.00075404606542
3009 0.000753319563837
3010 0.00075259400327
3011 0.000751869382191
3012 0.00075114569907
3013 0.000750422952382
3014 0.000749701140606
3015 0.000748980262223
3016 0.000748260315716
3017 0.000747541299573
3018 0.000746823212284
3019 0.000746106052341
3020 0.000745389818241
3021 0.000744674508482
3022 0.000743960121566
3023 0.000743246655997
3024 0.000742534110283
3025 0.000741822482935
3026 0.000741111772465
3027 0.000740401977391
3028 0.000739693096231
3029 0.000738985127507
3030 0.000738278069744
3031 0.000737571921471
3032 0.000736866681217
3033 0.000736162347516
3034 0.000735458918904
3035 0.000734756393921
3036 0.000734054771109
3037 0.000733354049012
3038 0.000732654226179
3039 0.000731955301159
3040 0.000731257272506
3041 0.000730560138777
3042 0.000729863898529
3043 0.000729168550326
3044 0.00072847409273
3045 0.00072778052431
3046 0.000727087843636
3047 0.000726396049281
3048 0.000725705139819
3049 0.00072501511383
3050 0.000724325969894
3051 0.000723637706596
3052 0.000722950322521
3053 0.00072226381626
3054 0.000721578186404
3055 0.000720893431548
3056 0.00072020955029
3057 0.000719526541229
3058 0.000718844402968
3059 0.000718163134114
3060 0.000717482733274
3061 0.000716803199059
3062 0.000716124530083
3063 0.000715446724962
3064 0.000714769782315
3065 0.000714093700763
3066 0.000713418478932
3067 0.000712744115447
3068 0.000712070608939
3069 0.000711397958038
3070 0.000710726161382
3071 0.000710055217606
3072 0.00070938512535
3073 0.000708715883258
3074 0.000708047489975
3075 0.000707379944147
3076 0.000706713244427
3077 0.000706047389467
3078 0.000705382377922
3079 0.000704718208451
3080 0.000704054879714
3081 0.000703392390375
3082 0.0007027307391
3083 0.000702069924556
3084 0.000701409945416
3085 0.000700750800352
3086 0.000700092488041
3087 0.000699435007161
3088 0.000698778356393
3089 0.000698122534421
3090 0.000697467539931
3091 0.000696813371611
3092 0.000696160028154
3093 0.000695507508252
3094 0.000694855810601
3095 0.000694204933901
3096 0.000693554876851
3097 0.000692905638157
3098 0.000692257216523
3099 0.000691609610659
3100 0.000690962819275
3101 0.000690316841085
3102 0.000689671674804
3103 0.000689027319151
3104 0.000688383772847
3105 0.000687741034614
3106 0.000687099103179
3107 0.000686457977269
3108 0.000685817655615
3109 0.000685178136949
3110 0.000684539420008
3111 0.000683901503527
3112 0.000683264386248
3113 0.000682628066913
3114 0.000681992544266
3115 0.000681357817055
3116 0.00068072388403
3117 0.000680090743942
3118 0.000679458395545
3119 0.000678826837596
3120 0.000678196068855
3121 0.000677566088081
3122 0.00067693689404
3123 0.000676308485497
3124 0.00067568086122
3125 0.00067505401998
3126 0.00067442796055
3127 0.000673802681706
3128 0.000673178182224
3129 0.000672554460885
3130 0.000671931516471
3131 0.000671309347766
3132 0.000670687953557
3133 0.000670067332634
3134 0.000669447483787
3135 0.00066882840581
3136 0.0006682100975
3137 0.000667592557653
3138 0.000666975785071
3139 0.000666359778557
3140 0.000665744536914
3141 0.000665130058951
3142 0.000664516343477
3143 0.000663903389303
3144 0.000663291195243
3145 0.000662679760113
3146 0.000662069082732
3147 0.00066145916192
3148 0.0006608499965
3149 0.000660241585296
3150 0.000659633927136
3151 0.00065902702085
3152 0.000658420865268
3153 0.000657815459225
3154 0.000657210801555
3155 0.000656606891099
3156 0.000656003726694
3157 0.000655401307185
3158 0.000654799631415
3159 0.000654198698232
3160 0.000653598506483
3161 0.000652999055021
3162 0.000652400342697
3163 0.000651802368369
3164 0.000651205130892
3165 0.000650608629127
3166 0.000650012861935
3167 0.00064941782818
3168 0.000648823526728
3169 0.000648229956448
3170 0.000647637116208
3171 0.000647045004881
3172 0.000646453621343
3173 0.000645862964468
3174 0.000645273033136
3175 0.000644683826228
3176 0.000644095342625
3177 0.000643507581213
3178 0.000642920540878
3179 0.00064233422051
3180 0.000641748619
3181 0.000641163735239
3182 0.000640579568124
3183 0.000639996116552
3184 0.000639413379421
3185 0.000638831355633
3186 0.000638250044091
3187 0.0006376694437
3188 0.000637089553368
3189 0.000636510372004
3190 0.000635931898519
3191 0.000635354131826
3192 0.000634777070842
3193 0.000634200714483
3194 0.000633625061668
3195 0.000633050111319
3196 0.000632475862359
3197 0.000631902313714
3198 0.00063132946431
3199 0.000630757313078
3200 0.000630185858948
3201 0.000629615100853
3202 0.00062904503773
3203 0.000628475668514
3204 0.000627906992144
3205 0.000627339007563
3206 0.000626771713713
3207 0.000626205109539
3208 0.000625639193988
3209 0.000625073966008
3210 0.00062450942455
3211 0.000623945568568
3212 0.000623382397015
3213 0.000622819908848
3214 0.000622258103026
3215 0.000621696978509
3216 0.000621136534259
3217 0.000620576769241
3218 0.000620017682419
3219 0.000619459272763
3220 0.000618901539242
3221 0.000618344480828
3222 0.000617788096495
3223 0.000617232385217
3224 0.000616677345973
3225 0.000616122977741
3226 0.000615569279503
3227 0.000615016250242
3228 0.000614463888941
3229 0.000613912194589
3230 0.000613361166174
3231 0.000612810802685
3232 0.000612261103116
3233 0.00061171206646
3234 0.000611163691713
3235 0.000610615977873
3236 0.000610068923939
3237 0.000609522528912
3238 0.000608976791797
3239 0.000608431711598
3240 0.000607887287321
3241 0.000607343517975
3242 0.000606800402572
3243 0.000606257940122
3244 0.00060571612964
3245 0.000605174970142
3246 0.000604634460645
3247 0.000604094600169
3248 0.000603555387735
3249 0.000603016822365
3250 0.000602478903086
3251 0.000601941628922
3252 0.000601404998902
3253 0.000600869012057
3254 0.000600333667418
3255 0.000599798964018
3256 0.000599264900893
3257 0.00059873147708
3258 0.000598198691618
3259 0.000597666543547
3260 0.000597135031909
3261 0.000596604155748
3262 0.000596073914111
3263 0.000595544306044
3264 0.000595015330596
3265 0.000594486986819
3266 0.000593959273765
3267 0.000593432190488
3268 0.000592905736045
3269 0.000592379909492
3270 0.00059185470989
3271 0.0005913301363
3272 0.000590806187783
3273 0.000590282863406
3274 0.000589760162233
3275 0.000589238083333
3276 0.000588716625776
3277 0.000588195788632
3278 0.000587675570974
3279 0.000587155971877
3280 0.000586636990417
3281 0.000586118625672
3282 0.000585600876722
3283 0.000585083742647
3284 0.00058456722253
3285 0.000584051315457
3286 0.000583536020512
3287 0.000583021336784
3288 0.000582507263363
3289 0.000581993799338
3290 0.000581480943804
3291 0.000580968695853
3292 0.000580457054583
3293 0.000579946019089
3294 0.000579435588473
3295 0.000578925761834
3296 0.000578416538275
3297 0.000577907916899
3298 0.000577399896813
3299 0.000576892477123
3300 0.000576385656938
3301 0.000575879435369
3302 0.000575373811527
3303 0.000574868784526
3304 0.000574364353482
3305 0.00057386051751
3306 0.000573357275729
3307 0.000572854627259
3308 0.000572352571222
3309 0.00057185110674
3310 0.000571350232937
3311 0.000570849948941
3312 0.000570350253878
3313 0.000569851146878
3314 0.000569352627071
3315 0.00056885469359
3316 0.000568357345569
3317 0.000567860582143
3318 0.000567364402449
3319 0.000566868805625
3320 0.000566373790812
3321 0.00056587935715
3322 0.000565385503784
3323 0.000564892229857
3324 0.000564399534516
3325 0.000563907416908
3326 0.000563415876182
3327 0.000562924911489
3328 0.000562434521981
3329 0.000561944706812
3330 0.000561455465136
3331 0.000560966796111
3332 0.000560478698895
3333 0.000559991172646
3334 0.000559504216527
3335 0.000559017829699
3336 0.000558532011327
3337 0.000558046760576
3338 0.000557562076614
3339 0.000557077958608
3340 0.00055659440573
3341 0.000556111417149
3342 0.000555628992039
3343 0.000555147129575
3344 0.000554665828931
3345 0.000554185089286
3346 0.000553704909818
3347 0.000553225289708
3348 0.000552746228136
3349 0.000552267724285
3350 0.000551789777341
3351 0.000551312386489
3352 0.000550835550917
3353 0.000550359269812
3354 0.000549883542366
3355 0.00054940836777
3356 0.000548933745217
3357 0.000548459673902
3358 0.00054798615302
3359 0.000547513181768
3360 0.000547040759346
3361 0.000546568884953
3362 0.000546097557791
3363 0.000545626777062
3364 0.000545156541972
3365 0.000544686851725
3366 0.00054421770553
3367 0.000543749102593
3368 0.000543281042126
3369 0.000542813523339
3370 0.000542346545445
3371 0.000541880107657
3372 0.000541414209193
3373 0.000540948849267
3374 0.000540484027098
3375 0.000540019741906
3376 0.000539555992912
3377 0.000539092779337
3378 0.000538630100406
3379 0.000538167955342
3380 0.000537706343374
3381 0.000537245263727
3382 0.000536784715631
3383 0.000536324698316
3384 0.000535865211015
3385 0.000535406252959
3386 0.000534947823384
3387 0.000534489921525
3388 0.000534032546618
3389 0.000533575697903
3390 0.000533119374619
3391 0.000532663576007
3392 0.000532208301308
3393 0.000531753549768
3394 0.00053129932063
3395 0.000530845613141
3396 0.000530392426548
3397 0.000529939760101
3398 0.000529487613049
3399 0.000529035984644
3400 0.000528584874139
3401 0.000528134280787
3402 0.000527684203844
3403 0.000527234642567
3404 0.000526785596213
3405 0.000526337064042
3406 0.000525889045314
3407 0.000525441539292
3408 0.000524994545237
3409 0.000524548062414
3410 0.00052410209009
3411 0.00052365662753
3412 0.000523211674003
3413 0.000522767228779
3414 0.000522323291127
3415 0.000521879860321
3416 0.000521436935632
3417 0.000520994516336
3418 0.000520552601708
3419 0.000520111191025
3420 0.000519670283565
3421 0.000519229878608
3422 0.000518789975434
3423 0.000518350573326
3424 0.000517911671566
3425 0.000517473269438
3426 0.000517035366229
3427 0.000516597961225
3428 0.000516161053714
3429 0.000515724642986
3430 0.000515288728331
3431 0.000514853309041
3432 0.000514418384408
3433 0.000513983953727
3434 0.000513550016293
3435 0.000513116571403
3436 0.000512683618355
3437 0.000512251156448
3438 0.000511819184981
3439 0.000511387703256
3440 0.000510956710576
3441 0.000510526206245
3442 0.000510096189567
3443 0.000509666659849
3444 0.000509237616398
3445 0.000508809058522
3446 0.000508380985532
3447 0.000507953396738
3448 0.000507526291453
3449 0.000507099668989
3450 0.000506673528662
3451 0.000506247869786
3452 0.000505822691678
3453 0.000505397993657
3454 0.000504973775041
3455 0.000504550035152
3456 0.000504126773309
3457 0.000503703988837
3458 0.000503281681058
3459 0.000502859849297
3460 0.000502438492881
3461 0.000502017611137
3462 0.000501597203393
3463 0.000501177268979
3464 0.000500757807224
3465 0.000500338817462
3466 0.000499920299025
3467 0.000499502251247
3468 0.000499084673462
3469 0.000498667565009
3470 0.000498250925223
3471 0.000497834753444
3472 0.000497419049011
3473 0.000497003811264
3474 0.000496589039547
3475 0.000496174733202
3476 0.000495760891573
3477 0.00049534715e-05
3414 4.04261363492e-05
3415 4.03764408178e-05
3416 4.03268209e-05
3417 4.02772764585e-05
3418 4.02278073565e-05
3419 4.01784134575e-05
3420 4.01290946253e-05
3421 4.00798507237e-05
3422 4.00306816172e-05
3423 3.99815871703e-05
3424 3.99325672478e-05
3425 3.98836217151e-05
3426 3.98347504374e-05
3427 3.97859532805e-05
3428 3.97372301104e-05
3429 3.96885807935e-05
3430 3.96400051962e-05
3431 3.95915031854e-05
3432 3.95430746282e-05
3433 3.94947193921e-05
3434 3.94464373448e-05
3435 3.93982283541e-05
3436 3.93500922883e-05
3437 3.9302029016e-05
3438 3.92540384059e-05
3439 3.92061203271e-05
3440 3.91582746489e-05
3441 3.91105012409e-05
3442 3.9062799973e-05
3443 3.90151707155e-05
3444 3.89676133385e-05
3445 3.8920127713e-05
3446 3.88727137099e-05
3447 3.88253712003e-05
3448 3.87781000558e-05
3449 3.87309001482e-05
3450 3.86837713494e-05
3451 3.86367135319e-05
3452 3.85897265682e-05
3453 3.85428103311e-05
3454 3.84959646937e-05
3455 3.84491895294e-05
3456 3.84024847118e-05
3457 3.83558501148e-05
3458 3.83092856126e-05
3459 3.82627910796e-05
3460 3.82163663905e-05
3461 3.81700114201e-05
3462 3.81237260438e-05
3463 3.8077510137e-05
3464 3.80313635753e-05
3465 3.79852862348e-05
3466 3.79392779917e-05
3467 3.78933387225e-05
3468 3.78474683039e-05
3469 3.7801666613e-05
3470 3.77559335269e-05
3471 3.77102689233e-05
3472 3.76646726799e-05
3473 3.76191446746e-05
3474 3.75736847858e-05
3475 3.7528292892e-05
3476 3.7482968872e-05
3477 3.74377126047e-05
3478 3.73925239696e-05
3479 3.7347402846e-05
3480 3.73023491138e-05
3481 3.7257362653e-05
3482 3.72124433439e-05
3483 3.7167591067e-05
3484 3.7122805703e-05
3485 3.7078087133e-05
3486 3.70334352382e-05
3487 3.69888499002e-05
3488 3.69443310007e-05
3489 3.68998784216e-05
3490 3.68554920452e-05
3491 3.6811171754e-05
3492 3.67669174307e-05
3493 3.67227289583e-05
3494 3.667860622e-05
3495 3.66345490992e-05
3496 3.65905574796e-05
3497 3.65466312451e-05
3498 3.65027702799e-05
3499 3.64589744684e-05
